1744632494411 0.0007751937984496124 1
1744632495442 0.0015503875968992248 2
1744632496471 0.002325581395348837 3
1744632497503 0.0031007751937984496 4
1744632498532 0.003875968992248062 5
1744632499563 0.004651162790697674 6
1744632500593 0.005426356589147287 7
1744632501623 0.006201550387596899 8
1744632502655 0.0069767441860465115 9
1744632503685 0.007751937984496124 10
1744632504716 0.008527131782945736 11
1744632505746 0.009302325581395349 12
1744632506776 0.010077519379844961 13
1744632507807 0.010852713178294573 14
1744632508836 0.011627906976744186 15
1744632509868 0.012403100775193798 16
1744632510898 0.01317829457364341 17
1744632511922 0.013953488372093023 18
1744632512951 0.014728682170542635 19
1744632513981 0.015503875968992248 20
1744632515014 0.01627906976744186 21
1744632516043 0.017054263565891473 22
