1744632494411 8.242267608642578 1
1744632495442 7.685586929321289 2
1744632496471 7.091400146484375 3
1744632497503 7.886507511138916 4
1744632498532 6.6818060874938965 5
1744632499563 6.798984527587891 6
1744632500593 4.672740936279297 7
1744632501623 3.1741926670074463 8
1744632502655 1.8855067491531372 9
1744632503685 1.3308818340301514 10
1744632504716 1.9941095113754272 11
1744632505746 2.1695330142974854 12
1744632506776 2.1080331802368164 13
1744632507807 1.7753444910049438 14
1744632508836 1.4986456632614136 15
1744632509868 1.1560633182525635 16
1744632510898 1.0414323806762695 17
1744632511922 0.9316450953483582 18
1744632512951 1.0351648330688477 19
1744632513981 1.0579177141189575 20
1744632515014 1.0405205488204956 21
1744632516043 1.0487923622131348 22
