1744632494411 0.0 1
1744632495442 7.751937984496125e-07 2
1744632496471 1.550387596899225e-06 3
1744632497503 2.325581395348837e-06 4
1744632498532 3.10077519379845e-06 5
1744632499563 3.875968992248062e-06 6
1744632500593 4.651162790697674e-06 7
1744632501623 5.426356589147287e-06 8
1744632502655 6.2015503875969e-06 9
1744632503685 6.976744186046512e-06 10
1744632504716 7.751937984496124e-06 11
1744632505746 8.527131782945736e-06 12
1744632506776 9.302325581395349e-06 13
1744632507807 1.0077519379844961e-05 14
1744632508836 1.0852713178294575e-05 15
1744632509868 1.1627906976744187e-05 16
1744632510898 1.24031007751938e-05 17
1744632511922 1.3178294573643413e-05 18
1744632512951 1.3953488372093024e-05 19
1744632513981 1.4728682170542638e-05 20
1744632515014 1.5503875968992248e-05 21
1744632516043 1.6279069767441862e-05 22
