1744632494411 2.546 1
1744632495442 2.2823 2
1744632496471 2.5721 3
1744632497503 2.4078 4
1744632498532 2.5443 5
1744632499563 2.4068 6
1744632500593 2.3782 7
1744632501623 2.2602 8
1744632502655 2.0995 9
1744632503685 2.2631 10
1744632504716 2.208 11
1744632505746 2.3605 12
1744632506776 2.1544 13
1744632507807 2.0895 14
1744632508836 2.0947 15
1744632509868 1.9347 16
1744632510898 2.0929 17
1744632511922 2.1262 18
1744632512951 2.1555 19
1744632513981 1.9664 20
1744632515014 2.0778 21
1744632516043 2.1371 22
