1745756122435 0.02 1
1745756122897 0.04 2
1745756123594 0.06 3
1745756124130 0.08 4
1745756124718 0.1 5
1745756125303 0.12 6
1745756125757 0.14 7
1745756126168 0.16 8
1745756126729 0.18 9
1745756127355 0.2 10
1745756149473 0.2 10
1745756172006 0.22 11
1745756172669 0.24 12
1745756173282 0.26 13
1745756173984 0.28 14
1745756174503 0.3 15
1745756175060 0.32 16
1745756175556 0.34 17
1745756176032 0.36 18
1745756176449 0.38 19
1745756176863 0.4 20
1745756207815 0.4 20
1745756239043 0.42 21
1745756239538 0.44 22
1745756239961 0.46 23
1745756240417 0.48 24
1745756240821 0.5 25
1745756241275 0.52 26
1745756241866 0.54 27
1745756242456 0.56 28
1745756242924 0.58 29
1745756243515 0.6 30
1745756261893 0.6 30
1745756281042 0.62 31
1745756281617 0.64 32
1745756282203 0.66 33
1745756282612 0.68 34
1745756283129 0.7 35
1745756283674 0.72 36
1745756284193 0.74 37
1745756284824 0.76 38
1745756285383 0.78 39
1745756285782 0.8 40
1745756310918 0.8 40
1745756337772 0.82 41
1745756338362 0.84 42
1745756338822 0.86 43
1745756339232 0.88 44
1745756339810 0.9 45
1745756340232 0.92 46
1745756340693 0.94 47
1745756341246 0.96 48
1745756341983 0.98 49
1745756342481 1.0 50
1745756371301 1.0 50
1745756400236 1.02 51
1745756400803 1.04 52
1745756401464 1.06 53
1745756402087 1.08 54
1745756402711 1.1 55
1745756403304 1.12 56
1745756403918 1.1400000000000001 57
1745756404507 1.16 58
1745756404953 1.18 59
1745756405412 1.2 60
1745756428464 1.2 60
1745756451116 1.22 61
1745756451787 1.24 62
1745756452208 1.26 63
1745756452707 1.28 64
1745756453468 1.3 65
1745756454003 1.32 66
1745756454500 1.34 67
1745756455063 1.3599999999999999 68
1745756455620 1.38 69
1745756456193 1.4 70
1745756481972 1.4 70
1745756509144 1.42 71
1745756509640 1.44 72
1745756510069 1.46 73
1745756510631 1.48 74
1745756511218 1.5 75
1745756511641 1.52 76
1745756512121 1.54 77
1745756512672 1.56 78
1745756513415 1.58 79
1745756513930 1.6 80
1745756541073 1.6 80
1745756569717 1.62 81
1745756570268 1.6400000000000001 82
1745756570826 1.6600000000000001 83
1745756571281 1.6800000000000002 84
1745756571862 1.7 85
1745756572432 1.72 86
1745756572995 1.74 87
1745756573528 1.76 88
1745756574056 1.78 89
1745756574545 1.8 90
1745756602100 1.8 90
1745756630374 1.8199999999999998 91
1745756630843 1.8399999999999999 92
1745756631304 1.8599999999999999 93
1745756631935 1.88 94
1745756632427 1.9 95
1745756632860 1.92 96
1745756633400 1.94 97
1745756633945 1.96 98
1745756634508 1.98 99
1745756635028 2.0 100
1745756660259 2.0 100
1745756742447 2.0 100
