1745756122435 14.775226593017578 1
1745756122897 30.41140365600586 2
1745756123594 4.352553844451904 3
1745756124130 5.002960681915283 4
1745756124718 5.900940895080566 5
1745756125303 2.6445910930633545 6
1745756125757 2.9753153324127197 7
1745756126168 5.008608818054199 8
1745756126729 2.205932378768921 9
1745756127355 4.601296424865723 10
1745756172006 1.9885743856430054 11
1745756172669 3.4808027744293213 12
1745756173282 2.6740779876708984 13
1745756173984 1.962416172027588 14
1745756174503 2.0922765731811523 15
1745756175060 1.4865484237670898 16
1745756175556 2.160499095916748 17
1745756176032 1.9967198371887207 18
1745756176449 2.412667751312256 19
1745756176863 2.8801968097686768 20
1745756239043 2.249363660812378 21
1745756239538 1.8569856882095337 22
1745756239961 3.2942028045654297 23
1745756240417 3.2720792293548584 24
1745756240821 3.1631898880004883 25
1745756241275 1.9446215629577637 26
1745756241866 2.191192388534546 27
1745756242456 1.4811923503875732 28
1745756242924 2.086771249771118 29
1745756243515 2.326526403427124 30
1745756281042 1.865679383277893 31
1745756281617 3.0456178188323975 32
1745756282203 1.4947212934494019 33
1745756282612 2.2536752223968506 34
1745756283129 1.9238759279251099 35
1745756283674 1.7132166624069214 36
1745756284193 2.035546064376831 37
1745756284824 1.908399224281311 38
1745756285383 1.6791610717773438 39
1745756285782 5.568887710571289 40
1745756337772 1.6510987281799316 41
1745756338362 2.008992910385132 42
1745756338822 1.6893762350082397 43
1745756339232 1.9996328353881836 44
1745756339810 1.6641582250595093 45
1745756340232 3.1559882164001465 46
1745756340693 2.64551043510437 47
1745756341246 1.6929175853729248 48
1745756341983 4.022027492523193 49
1745756342481 1.8525638580322266 50
1745756400236 1.4499751329421997 51
1745756400803 1.1577574014663696 52
1745756401464 1.314603567123413 53
1745756402087 0.9677919745445251 54
1745756402711 2.2086918354034424 55
1745756403304 2.281980276107788 56
1745756403918 3.7006447315216064 57
1745756404507 2.0304956436157227 58
1745756404953 1.4491904973983765 59
1745756405412 1.2719067335128784 60
1745756451116 3.643655300140381 61
1745756451787 1.6426717042922974 62
1745756452208 3.7855708599090576 63
1745756452707 2.631527900695801 64
1745756453468 1.3086204528808594 65
1745756454003 2.0792348384857178 66
1745756454500 1.7264858484268188 67
1745756455063 2.1087985038757324 68
1745756455620 2.1645185947418213 69
1745756456193 2.4102487564086914 70
1745756509144 5.5907392501831055 71
1745756509640 1.6371546983718872 72
1745756510069 1.5577696561813354 73
1745756510631 1.3540383577346802 74
1745756511218 1.5212455987930298 75
1745756511641 3.092132806777954 76
1745756512121 1.4851036071777344 77
1745756512672 1.6318882703781128 78
1745756513415 1.9786049127578735 79
1745756513930 3.228191375732422 80
1745756569717 1.4800405502319336 81
1745756570268 1.397953748703003 82
1745756570826 2.5697014331817627 83
1745756571281 1.7226276397705078 84
1745756571862 1.6161630153656006 85
1745756572432 1.3373030424118042 86
1745756572995 1.383345365524292 87
1745756573528 1.712622046470642 88
1745756574056 1.6917763948440552 89
1745756574545 1.7713875770568848 90
1745756630374 2.1096222400665283 91
1745756630843 2.832082986831665 92
1745756631304 2.5703506469726562 93
1745756631935 4.138111591339111 94
1745756632427 1.5118612051010132 95
1745756632860 2.3061628341674805 96
1745756633400 3.1724483966827393 97
1745756633945 1.1048946380615234 98
1745756634508 3.022899627685547 99
1745756635028 1.6815906763076782 100
