1745756122435 0.0 1
1745756122897 2e-05 2
1745756123594 4e-05 3
1745756124130 6e-05 4
1745756124718 8e-05 5
1745756125303 0.0001 6
1745756125757 9.997266286704631e-05 7
1745756126168 9.989068136093873e-05 8
1745756126729 9.975414512725057e-05 9
1745756127355 9.956320346634876e-05 10
1745756172006 9.931806517013612e-05 11
1745756172669 9.901899829374047e-05 12
1745756173282 9.86663298624003e-05 13
1745756173984 9.826044551386744e-05 14
1745756174503 9.780178907671789e-05 15
1745756175060 9.729086208503174e-05 16
1745756175556 9.672822322997305e-05 17
1745756176032 9.611448774886924e-05 18
1745756176449 9.545032675245813e-05 19
1745756176863 9.473646649103818e-05 20
1745756239043 9.397368756032445e-05 21
1745756239538 9.316282404787871e-05 22
1745756239961 9.230476262104677e-05 23
1745756240417 9.140044155740101e-05 24
1745756240821 9.045084971874738e-05 25
1745756241275 8.945702546981969e-05 26
1745756241866 8.842005554284296e-05 27
1745756242456 8.73410738492077e-05 28
1745756242924 8.622126023955446e-05 29
1745756243515 8.506183921362443e-05 30
1745756281042 8.386407858128706e-05 31
1745756281617 8.262928807620843e-05 32
1745756282203 8.135881792367686e-05 33
1745756282612 8.005405736415126e-05 34
1745756283129 7.871643313414718e-05 35
1745756283674 7.734740790612136e-05 36
1745756284193 7.594847868906076e-05 37
1745756284824 7.452117519152542e-05 38
1745756285383 7.30670581489344e-05 39
1745756285782 7.158771761692464e-05 40
1745756337772 7.008477123264848e-05 41
1745756338362 6.855986244591104e-05 42
1745756338822 6.701465872208216e-05 43
1745756339232 6.545084971874738e-05 44
1745756339810 6.387014543809223e-05 45
1745756340232 6.227427435703997e-05 46
1745756340693 6.066498153718735e-05 47
1745756341246 5.90440267166055e-05 48
1745756341983 5.74131823855921e-05 49
1745756342481 5.577423184847932e-05 50
1745756400236 5.4128967273616625e-05 51
1745756400803 5.247918773366112e-05 52
1745756401464 5.0826697238317935e-05 53
1745756402087 4.917330276168208e-05 54
1745756402711 4.7520812266338885e-05 55
1745756403304 4.5871032726383386e-05 56
1745756403918 4.4225768151520694e-05 57
1745756404507 4.2586817614407895e-05 58
1745756404953 4.095597328339452e-05 59
1745756405412 3.933501846281267e-05 60
1745756451116 3.772572564296005e-05 61
1745756451787 3.612985456190778e-05 62
1745756452208 3.4549150281252636e-05 63
1745756452707 3.298534127791785e-05 64
1745756453468 3.144013755408895e-05 65
1745756454003 2.991522876735154e-05 66
1745756454500 2.8412282383075363e-05 67
1745756455063 2.693294185106562e-05 68
1745756455620 2.547882480847461e-05 69
1745756456193 2.405152131093926e-05 70
1745756509144 2.2652592093878666e-05 71
1745756509640 2.128356686585282e-05 72
1745756510069 1.9945942635848748e-05 73
1745756510631 1.8641182076323148e-05 74
1745756511218 1.7370711923791567e-05 75
1745756511641 1.6135921418712956e-05 76
1745756512121 1.4938160786375572e-05 77
1745756512672 1.3778739760445552e-05 78
1745756513415 1.2658926150792322e-05 79
1745756513930 1.157994445715706e-05 80
1745756569717 1.0542974530180327e-05 81
1745756570268 9.549150281252633e-06 82
1745756570826 8.599558442598998e-06 83
1745756571281 7.695237378953223e-06 84
1745756571862 6.837175952121306e-06 85
1745756572432 6.026312439675552e-06 86
1745756572995 5.263533508961827e-06 87
1745756573528 4.549673247541875e-06 88
1745756574056 3.885512251130763e-06 89
1745756574545 3.271776770026963e-06 90
1745756630374 2.7091379149682685e-06 91
1745756630843 2.1982109232821178e-06 92
1745756631304 1.7395544861325718e-06 93
1745756631935 1.333670137599713e-06 94
1745756632427 9.810017062595322e-07 95
1745756632860 6.819348298638839e-07 96
1745756633400 4.367965336512403e-07 97
1745756633945 2.458548727494292e-07 98
1745756634508 1.0931863906127327e-07 99
1745756635028 2.7337132953697554e-08 100
