1745756122435 1.9662 1
1745756122897 3.1497 2
1745756123594 1.2368 3
1745756124130 1.6786 4
1745756124718 1.1821 5
1745756125303 1.0406 6
1745756125757 0.8975 7
1745756126168 0.8506 8
1745756126729 1.1413 9
1745756127355 1.0071 10
1745756172006 1.0628 11
1745756172669 1.1831 12
1745756173282 1.0866 13
1745756173984 0.8265 14
1745756174503 0.6495 15
1745756175060 1.1528 16
1745756175556 0.6989 17
1745756176032 1.3265 18
1745756176449 0.7512 19
1745756176863 0.65 20
1745756239043 1.0729 21
1745756239538 1.0544 22
1745756239961 0.8724 23
1745756240417 1.1751 24
1745756240821 1.3731 25
1745756241275 0.8014 26
1745756241866 0.7651 27
1745756242456 1.0651 28
1745756242924 0.9123 29
1745756243515 1.0888 30
1745756281042 1.1024 31
1745756281617 0.5756 32
1745756282203 0.7445 33
1745756282612 0.9188 34
1745756283129 1.1286 35
1745756283674 1.0004 36
1745756284193 1.1867 37
1745756284824 0.9935 38
1745756285383 1.0224 39
1745756285782 1.0676 40
1745756337772 1.1396 41
1745756338362 1.0018 42
1745756338822 0.7605 43
1745756339232 0.9379 44
1745756339810 0.9474 45
1745756340232 1.0144 46
1745756340693 1.1514 47
1745756341246 0.7964 48
1745756341983 0.9854 49
1745756342481 0.8418 50
1745756400236 0.2747 51
1745756400803 0.3304 52
1745756401464 0.4089 53
1745756402087 0.2927 54
1745756402711 0.5664 55
1745756403304 0.1937 56
1745756403918 0.4845 57
1745756404507 0.1266 58
1745756404953 0.0949 59
1745756405412 0.1812 60
1745756451116 0.5407 61
1745756451787 0.3553 62
1745756452208 0.4838 63
1745756452707 0.4524 64
1745756453468 0.3828 65
1745756454003 0.5456 66
1745756454500 0.4639 67
1745756455063 0.3569 68
1745756455620 0.4505 69
1745756456193 0.3927 70
1745756509144 0.5273 71
1745756509640 0.2863 72
1745756510069 0.2639 73
1745756510631 0.2534 74
1745756511218 0.5204 75
1745756511641 0.5809 76
1745756512121 0.2089 77
1745756512672 0.5195 78
1745756513415 0.4068 79
1745756513930 0.3724 80
1745756569717 0.4044 81
1745756570268 0.3029 82
1745756570826 0.2584 83
1745756571281 0.1492 84
1745756571862 0.3939 85
1745756572432 0.3143 86
1745756572995 0.409 87
1745756573528 0.3756 88
1745756574056 0.3759 89
1745756574545 0.341 90
1745756630374 0.4949 91
1745756630843 0.5963 92
1745756631304 0.1952 93
1745756631935 0.2156 94
1745756632427 0.3577 95
1745756632860 0.2407 96
1745756633400 0.3669 97
1745756633945 0.1945 98
1745756634508 0.2665 99
1745756635028 0.3305 100
