1741165677333 -2.5545997619628906 1
1741165679508 -2.851449489593506 2
1741165680596 -1.9057824611663818 3
1741165681684 -2.2974743843078613 4
1741165682756 -2.263925790786743 5
1741165683817 -2.4928369522094727 6
1741165684886 -2.5194506645202637 7
1741165685957 -2.439199209213257 8
1741165687029 -1.760847806930542 9
1741165688101 -2.1888575553894043 10
1741165734589 -1.894978642463684 11
1741165735660 -2.36887526512146 12
1741165736733 -1.894106149673462 13
1741165737801 -1.9764652252197266 14
1741165738850 -2.1157827377319336 15
1741165739919 -1.621654987335205 16
1741165741002 -1.8572344779968262 17
1741165742054 -2.0953121185302734 18
1741165743124 -2.08388090133667 19
1741165744206 -1.5967789888381958 20
1741165790853 -1.5097825527191162 21
1741165791933 -1.477565050125122 22
1741165792991 -1.9652585983276367 23
1741165794056 -2.158843994140625 24
1741165795134 -1.4194574356079102 25
1741165796211 -1.9324324131011963 26
1741165797276 -1.6541118621826172 27
1741165798337 -1.591253399848938 28
1741165799413 -1.564273476600647 29
1741165800480 -1.4773249626159668 30
1741165846851 -1.525542974472046 31
1741165847929 -1.4140859842300415 32
1741165849006 -1.5055598020553589 33
1741165850061 -1.6885569095611572 34
1741165851133 -1.4737111330032349 35
1741165852212 -1.5253417491912842 36
1741165853276 -1.866559624671936 37
1741165854337 -1.256829023361206 38
1741165855423 -1.3609461784362793 39
1741165856500 -1.3884283304214478 40
1741165902999 -1.487947940826416 41
1741165904078 -1.7455811500549316 42
1741165905153 -1.3723559379577637 43
1741165906233 -1.2050528526306152 44
1741165907301 -1.7735604047775269 45
1741165908381 -1.2918422222137451 46
1741165909450 -1.268176794052124 47
1741165910523 -1.4758617877960205 48
1741165911579 -1.9269906282424927 49
1741165912649 -1.3044322729110718 50
