1741165677333 -0.6629244089126587 1
1741165679508 -1.5483131408691406 2
1741165680596 -0.7759554982185364 3
1741165681684 -1.1498565673828125 4
1741165682756 -0.5887286067008972 5
1741165683817 -1.414121389389038 6
1741165684886 -0.9122191667556763 7
1741165685957 -1.113961100578308 8
1741165687029 -0.5669668912887573 9
1741165688101 -0.6109159588813782 10
1741165734589 -0.8398019671440125 11
1741165735660 -0.9423551559448242 12
1741165736733 -0.5752447843551636 13
1741165737801 -1.2391353845596313 14
1741165738850 -0.9610611200332642 15
1741165739919 -0.8036168217658997 16
1741165741002 -1.0331662893295288 17
1741165742054 -0.9381577968597412 18
1741165743124 -0.8796212673187256 19
1741165744206 -0.6897303462028503 20
1741165790853 -0.5467938184738159 21
1741165791933 -0.9390716552734375 22
1741165792991 -1.3104071617126465 23
1741165794056 -0.9056786298751831 24
1741165795134 -0.4348638355731964 25
1741165796211 -1.2872645854949951 26
1741165797276 -0.8229061961174011 27
1741165798337 -0.7628005146980286 28
1741165799413 -0.6831594705581665 29
1741165800480 -0.982033371925354 30
1741165846851 -1.0047029256820679 31
1741165847929 -0.4647899866104126 32
1741165849006 -0.9103697538375854 33
1741165850061 -0.766754150390625 34
1741165851133 -0.74641352891922 35
1741165852212 -0.8064100742340088 36
1741165853276 -1.2718068361282349 37
1741165854337 -0.8073974847793579 38
1741165855423 -0.512377142906189 39
1741165856500 -0.4452705383300781 40
1741165902999 -1.070591688156128 41
1741165904078 -0.6135683059692383 42
1741165905153 -0.9658709764480591 43
1741165906233 -0.6565783023834229 44
1741165907301 -0.8170210123062134 45
1741165908381 -0.41001981496810913 46
1741165909450 -0.9365811944007874 47
1741165910523 -0.9737429618835449 48
1741165911579 -1.0104316473007202 49
1741165912649 -0.5021519660949707 50
