1745681426475 0.01 1
1745681427048 0.02 2
1745681427476 0.03 3
1745681427900 0.04 4
1745681428531 0.05 5
1745681429207 0.06 6
1745681429693 0.07 7
1745681430153 0.08 8
1745681430570 0.09 9
1745681431159 0.1 10
1745681438645 0.1 10
1745681439238 0.11 11
1745681439638 0.12 12
1745681440097 0.13 13
1745681440509 0.14 14
1745681440923 0.15 15
1745681441320 0.16 16
1745681441891 0.17 17
1745681442432 0.18 18
1745681443064 0.19 19
1745681443466 0.2 20
1745681458835 0.2 20
1745681459479 0.21 21
1745681460059 0.22 22
1745681460716 0.23 23
1745681461130 0.24 24
1745681461543 0.25 25
1745681462022 0.26 26
1745681462710 0.27 27
1745681463228 0.28 28
1745681463712 0.29 29
1745681464131 0.3 30
