1745681426475 14.144293785095215 1
1745681427048 22.016033172607422 2
1745681427476 15.390007972717285 3
1745681427900 23.830202102661133 4
1745681428531 2.896592378616333 5
1745681429207 2.6402363777160645 6
1745681429693 4.300699710845947 7
1745681430153 4.0125885009765625 8
1745681430570 10.200806617736816 9
1745681431159 3.2462618350982666 10
1745681439238 2.8698923587799072 11
1745681439638 4.648219108581543 12
1745681440097 3.0624489784240723 13
1745681440509 5.9896135330200195 14
1745681440923 2.2273409366607666 15
1745681441320 12.509098052978516 16
1745681441891 3.283554792404175 17
1745681442432 2.837245225906372 18
1745681443064 3.0585241317749023 19
1745681443466 7.714638710021973 20
1745681459479 2.22544264793396 21
1745681460059 2.754314661026001 22
1745681460716 2.2636547088623047 23
1745681461130 6.641874313354492 24
1745681461543 3.733125925064087 25
1745681462022 3.037299394607544 26
1745681462710 1.4409949779510498 27
1745681463228 3.024975299835205 28
1745681463712 3.4338629245758057 29
1745681464131 2.0300326347351074 30
