1745681426475 0.0 1
1745681427048 1e-05 2
1745681427476 2e-05 3
1745681427900 3e-05 4
1745681428531 4e-05 5
1745681429207 5e-05 6
1745681429693 6e-05 7
1745681430153 7e-05 8
1745681430570 8e-05 9
1745681431159 9e-05 10
1745681439238 0.0001 11
1745681439638 9.999316524962345e-05 12
1745681440097 9.997266286704631e-05 13
1745681440509 9.993849845741524e-05 14
1745681440923 9.989068136093873e-05 15
1745681441320 9.98292246503335e-05 16
1745681441891 9.975414512725057e-05 17
1745681442432 9.966546331768191e-05 18
1745681443064 9.956320346634876e-05 19
1745681443466 9.944739353007344e-05 20
1745681459479 9.931806517013612e-05 21
1745681460059 9.917525374361912e-05 22
1745681460716 9.901899829374047e-05 23
1745681461130 9.884934153917997e-05 24
1745681461543 9.86663298624003e-05 25
1745681462022 9.847001329696653e-05 26
1745681462710 9.826044551386744e-05 27
1745681463228 9.803768380684242e-05 28
1745681463712 9.780178907671789e-05 29
1745681464131 9.755282581475769e-05 30
