1745681426475 1.7644 1
1745681427048 2.1681 2
1745681427476 1.8051 3
1745681427900 2.5275 4
1745681428531 1.0487 5
1745681429207 1.0716 6
1745681429693 1.4348 7
1745681430153 1.3434 8
1745681430570 0.7938 9
1745681431159 1.2253 10
1745681439238 0.7967 11
1745681439638 1.1682 12
1745681440097 1.0366 13
1745681440509 0.6259 14
1745681440923 0.8725 15
1745681441320 0.8374 16
1745681441891 1.1867 17
1745681442432 1.021 18
1745681443064 1.0476 19
1745681443466 0.9619 20
1745681459479 1.0068 21
1745681460059 1.0939 22
1745681460716 1.1212 23
1745681461130 1.3909 24
1745681461543 1.44 25
1745681462022 0.7604 26
1745681462710 0.6748 27
1745681463228 0.9113 28
1745681463712 0.8169 29
1745681464131 0.4553 30
