1745669122424 0.07692307692307693 1
1745669122995 0.15384615384615385 2
1745669123646 0.23076923076923078 3
1745669124195 0.3076923076923077 4
1745669124788 0.38461538461538464 5
1745669125514 0.46153846153846156 6
1745669126182 0.5384615384615384 7
1745669126806 0.6153846153846154 8
1745669127387 0.6923076923076923 9
1745669127872 0.7692307692307693 10
1745669175896 0.7692307692307693 10
1745669176506 0.8461538461538461 11
1745669177133 0.9230769230769231 12
1745669178139 1.0 13
1745669184598 1.0769230769230769 14
1745669185180 1.1538461538461537 15
1745669185920 1.2307692307692308 16
1745669186512 1.3076923076923077 17
1745669187007 1.3846153846153846 18
1745669187634 1.4615384615384617 19
1745669188214 1.5384615384615383 20
1745669236192 1.5384615384615383 20
1745669236810 1.6153846153846154 21
1745669237264 1.6923076923076923 22
1745669237932 1.7692307692307692 23
1745669238557 1.8461538461538463 24
1745669239130 1.9230769230769231 25
1745669240242 2.0 26
