1745669122424 14.66386890411377 1
1745669122995 16.644248962402344 2
1745669123646 2.998220920562744 3
1745669124195 2.0547823905944824 4
1745669124788 3.1590044498443604 5
1745669125514 2.557497501373291 6
1745669126182 3.716564893722534 7
1745669126806 2.3479163646698 8
1745669127387 1.753820776939392 9
1745669127872 2.6511154174804688 10
1745669176506 1.37600839138031 11
1745669177133 1.408850073814392 12
1745669178139 1.3563745021820068 13
1745669184598 1.2837971448898315 14
1745669185180 0.9418646693229675 15
1745669185920 1.060580849647522 16
1745669186512 1.2659894227981567 17
1745669187007 1.5555824041366577 18
1745669187634 1.1300517320632935 19
1745669188214 1.2633229494094849 20
1745669236810 1.3594470024108887 21
1745669237264 1.8207534551620483 22
1745669237932 1.936686635017395 23
1745669238557 3.555241107940674 24
1745669239130 1.784609079360962 25
1745669240242 1.165674090385437 26
