1745669122424 2.213 1
1745669122995 2.2219 2
1745669123646 1.1654 3
1745669124195 1.0441 4
1745669124788 0.9214 5
1745669125514 0.9084 6
1745669126182 1.4887 7
1745669126806 1.1648 8
1745669127387 0.7577 9
1745669127872 0.8494 10
1745669176506 1.0084 11
1745669177133 0.9504 12
1745669178139 0.5693 13
1745669184598 0.5197 14
1745669185180 0.554 15
1745669185920 0.3179 16
1745669186512 0.4686 17
1745669187007 0.5985 18
1745669187634 0.3932 19
1745669188214 0.444 20
1745669236810 0.5934 21
1745669237264 0.4481 22
1745669237932 0.458 23
1745669238557 0.5785 24
1745669239130 0.3388 25
1745669240242 0.1716 26
