1741163278910 -1.03501558303833 1
1741163281012 -0.9647409915924072 2
1741163282029 -1.1193580627441406 3
1741163283036 -1.1390743255615234 4
1741163284037 -0.8651353120803833 5
1741163285032 -1.0712859630584717 6
1741163286032 -0.6665248274803162 7
1741163287031 -1.196699619293213 8
1741163288040 -1.122986078262329 9
1741163289051 -1.5297144651412964 10
1741163334252 -1.5734002590179443 11
1741163335293 -0.6252844929695129 12
1741163336325 -1.0651695728302002 13
1741163337349 -1.0827670097351074 14
1741163338364 -1.2583106756210327 15
1741163339401 -1.614388346672058 16
1741163340435 -0.6959986090660095 17
1741163341450 -1.1508880853652954 18
1741163342473 -1.0491377115249634 19
1741163343495 -1.0640219449996948 20
1741163380888 -1.5571873188018799 21
1741163381962 -1.532642126083374 22
1741163382974 -0.760574460029602 23
1741163383994 -0.6284503936767578 24
1741163385024 -1.0572819709777832 25
1741163386047 -0.6416583061218262 26
1741163387084 -1.4412388801574707 27
1741163388105 -1.0938355922698975 28
1741163389137 -0.8116486668586731 29
1741163390165 -1.1042273044586182 30
1741163426762 -1.1387407779693604 31
1741163427806 -1.5326963663101196 32
1741163428833 -1.0887051820755005 33
1741163429852 -0.596570611000061 34
1741163430874 -1.2544620037078857 35
1741163431904 -1.2261279821395874 36
1741163432930 -0.6057223081588745 37
1741163433942 -1.5166981220245361 38
1741163434965 -1.5601553916931152 39
1741163435989 -0.7065438032150269 40
1741163472554 -1.0722273588180542 41
1741163473584 -1.2416752576828003 42
1741163474607 -1.1054205894470215 43
1741163475628 -1.5172128677368164 44
1741163476639 -0.16889217495918274 45
1741163477672 -1.0574346780776978 46
1741163478702 -1.4969255924224854 47
1741163479734 -1.0434246063232422 48
1741163480757 -0.3547946512699127 49
1741163481788 -1.5846686363220215 50
