1741163278910 -1.0476480722427368 1
1741163281012 -1.0657000541687012 2
1741163282029 -1.0648188591003418 3
1741163283036 -1.0610685348510742 4
1741163284037 -0.607688307762146 5
1741163285032 -1.0432043075561523 6
1741163286032 -0.5816091895103455 7
1741163287031 -1.084479570388794 8
1741163288040 -1.0836408138275146 9
1741163289051 -1.542128324508667 10
1741163334252 -1.5331556797027588 11
1741163335293 -0.6154552698135376 12
1741163336325 -1.054550051689148 13
1741163337349 -1.0340644121170044 14
1741163338364 -1.1092464923858643 15
1741163339401 -1.5823894739151 16
1741163340435 -0.5069312453269958 17
1741163341450 -1.077675700187683 18
1741163342473 -1.0634061098098755 19
1741163343495 -1.1054636240005493 20
1741163380888 -1.5594377517700195 21
1741163381962 -1.5614780187606812 22
1741163382974 -0.5723509192466736 23
1741163383994 -0.5703575015068054 24
1741163385024 -1.0705006122589111 25
1741163386047 -0.5111511945724487 26
1741163387084 -1.5537388324737549 27
1741163388105 -1.068717122077942 28
1741163389137 -0.6530191898345947 29
1741163390165 -1.009098768234253 30
1741163426762 -1.0607185363769531 31
1741163427806 -1.5226683616638184 32
1741163428833 -1.1065647602081299 33
1741163429852 -0.5552144646644592 34
1741163430874 -1.0910358428955078 35
1741163431904 -1.0780224800109863 36
1741163432930 -0.5449246168136597 37
1741163433942 -1.5941179990768433 38
1741163434965 -1.510275959968567 39
1741163435989 -0.6083117127418518 40
1741163472554 -1.0832569599151611 41
1741163473584 -1.11014986038208 42
1741163474607 -1.0465891361236572 43
1741163475628 -1.501709222793579 44
1741163476639 -0.09094541519880295 45
1741163477672 -1.070839524269104 46
1741163478702 -1.5624897480010986 47
1741163479734 -0.9983086585998535 48
1741163480757 -0.13798201084136963 49
1741163481788 -1.5661511421203613 50
