1741163278910 0.0 1
1741163281012 0.0 2
1741163282029 0.0 3
1741163283036 0.0 4
1741163284037 0.0 5
1741163285032 0.0 6
1741163286032 0.0 7
1741163287031 0.0 8
1741163288040 0.0 9
1741163289051 0.0 10
1741163334252 0.0 11
1741163335293 0.0 12
1741163336325 0.0 13
1741163337349 0.0 14
1741163338364 0.0 15
1741163339401 0.0 16
1741163340435 0.0 17
1741163341450 0.0 18
1741163342473 0.0 19
1741163343495 0.0 20
1741163380888 0.0 21
1741163381962 0.0 22
1741163382974 0.0 23
1741163383994 0.0 24
1741163385024 0.0 25
1741163386047 0.0 26
1741163387084 0.0 27
1741163388105 0.0 28
1741163389137 0.0 29
1741163390165 0.0 30
1741163426762 0.0 31
1741163427806 0.0 32
1741163428833 0.0 33
1741163429852 0.0 34
1741163430874 0.0 35
1741163431904 0.0 36
1741163432930 0.0 37
1741163433942 0.0 38
1741163434965 0.0 39
1741163435989 0.0 40
1741163472554 0.0 41
1741163473584 0.0 42
1741163474607 0.0 43
1741163475628 0.0 44
1741163476639 0.0 45
1741163477672 0.0 46
1741163478702 0.0 47
1741163479734 0.0 48
1741163480757 0.0 49
1741163481788 0.0 50
