1741163278910 -0.2554599940776825 1
1741163281012 -0.28514495491981506 2
1741163282029 -0.19037453830242157 3
1741163283036 -0.23065902292728424 4
1741163284037 -0.2274007499217987 5
1741163285032 -0.2525934875011444 6
1741163286032 -0.2554493844509125 7
1741163287031 -0.2509481608867645 8
1741163288040 -0.18140073120594025 9
1741163289051 -0.2355676144361496 10
1741163334252 -0.2079731822013855 11
1741163335293 -0.2563278079032898 12
1741163336325 -0.21691466867923737 13
1741163337349 -0.23681454360485077 14
1741163338364 -0.2536415457725525 15
1741163339401 -0.19551192224025726 16
1741163340435 -0.22517240047454834 17
1741163341450 -0.2885574698448181 18
1741163342473 -0.27267229557037354 19
1741163343495 -0.20513808727264404 20
1741163380888 -0.19617146253585815 21
1741163381962 -0.21768489480018616 22
1741163382974 -0.2873358726501465 23
1741163383994 -0.2890666425228119 24
1741163385024 -0.20426161587238312 25
1741163386047 -0.28781935572624207 26
1741163387084 -0.2510847747325897 27
1741163388105 -0.2345195710659027 28
1741163389137 -0.2181672602891922 29
1741163390165 -0.2357715368270874 30
1741163426762 -0.23034903407096863 31
1741163427806 -0.22120347619056702 32
1741163428833 -0.21527759730815887 33
1741163429852 -0.2565106153488159 34
1741163430874 -0.24346430599689484 35
1741163431904 -0.26113250851631165 36
1741163432930 -0.3067896366119385 37
1741163433942 -0.21052849292755127 38
1741163434965 -0.20989945530891418 39
1741163435989 -0.17842434346675873 40
1741163472554 -0.23955699801445007 41
1741163473584 -0.27622032165527344 42
1741163474607 -0.24553270637989044 43
1741163475628 -0.2094946950674057 44
1741163476639 -0.2578909993171692 45
1741163477672 -0.203770250082016 46
1741163478702 -0.23693817853927612 47
1741163479734 -0.2664676308631897 48
1741163480757 -0.2892283797264099 49
1741163481788 -0.19723665714263916 50
