1741163278910 -0.1891675442457199 1
1741163281012 -0.13031364977359772 2
1741163282029 -0.11250447481870651 3
1741163283036 -0.11539387702941895 4
1741163284037 -0.16851119697093964 5
1741163285032 -0.11058851331472397 6
1741163286032 -0.16352002322673798 7
1741163287031 -0.138953298330307 8
1741163288040 -0.12408095598220825 9
1741163289051 -0.17319178581237793 10
1741163334252 -0.12029629945755005 11
1741163335293 -0.1589185744524002 12
1741163336325 -0.1578778177499771 13
1741163337349 -0.10866554081439972 14
1741163338364 -0.15251800417900085 15
1741163339401 -0.10789062827825546 16
1741163340435 -0.1198132336139679 17
1741163341450 -0.186701700091362 18
1741163342473 -0.1763043999671936 19
1741163343495 -0.12761926651000977 20
1741163380888 -0.13761186599731445 21
1741163381962 -0.10679616034030914 22
1741163382974 -0.14400461316108704 23
1741163383994 -0.18561449646949768 24
1741163385024 -0.15314751863479614 25
1741163386047 -0.13888373970985413 26
1741163387084 -0.15275758504867554 27
1741163388105 -0.14443472027778625 28
1741163389137 -0.14282473921775818 29
1741163390165 -0.12336046993732452 30
1741163426762 -0.11511651426553726 31
1741163427806 -0.17026899755001068 32
1741163428833 -0.1061982810497284 33
1741163429852 -0.15633177757263184 34
1741163430874 -0.15740786492824554 35
1741163431904 -0.16556859016418457 36
1741163432930 -0.15117114782333374 37
1741163433942 -0.10979011654853821 38
1741163434965 -0.14798760414123535 39
1741163435989 -0.13091139495372772 40
1741163472554 -0.10254620015621185 41
1741163473584 -0.2066124975681305 42
1741163474607 -0.1301281750202179 43
1741163475628 -0.12771522998809814 44
1741163476639 -0.1556898057460785 45
1741163477672 -0.15265603363513947 46
1741163478702 -0.11879315227270126 47
1741163479734 -0.15178948640823364 48
1741163480757 -0.16398239135742188 49
1741163481788 -0.1386590152978897 50
