1741163278910 -0.06629243493080139 1
1741163281012 -0.15483130514621735 2
1741163282029 -0.07787005603313446 3
1741163283036 -0.1152651384472847 4
1741163284037 -0.05888955667614937 5
1741163285032 -0.14200496673583984 6
1741163286032 -0.0919293537735939 7
1741163287031 -0.11199487000703812 8
1741163288040 -0.057319771498441696 9
1741163289051 -0.06237580627202988 10
1741163334252 -0.08767688274383545 11
1741163335293 -0.09740922600030899 12
1741163336325 -0.059036850929260254 13
1741163337349 -0.12814900279045105 14
1741163338364 -0.10112354159355164 15
1741163339401 -0.0876212939620018 16
1741163340435 -0.10535916686058044 17
1741163341450 -0.10185575485229492 18
1741163342473 -0.09636789560317993 19
1741163343495 -0.07751884311437607 20
1741163380888 -0.0585596039891243 21
1741163381962 -0.11088873445987701 22
1741163382974 -0.14333125948905945 23
1741163383994 -0.10345214605331421 24
1741163385024 -0.05111410468816757 25
1741163386047 -0.14893561601638794 26
1741163387084 -0.09832720458507538 27
1741163388105 -0.09008485078811646 28
1741163389137 -0.07534252107143402 29
1741163390165 -0.11241106688976288 30
1741163426762 -0.11523251235485077 31
1741163427806 -0.05093448609113693 32
1741163428833 -0.10907930880784988 33
1741163429852 -0.10017883777618408 34
1741163430874 -0.08605644106864929 35
1741163431904 -0.09556389600038528 36
1741163432930 -0.15561848878860474 37
1741163433942 -0.10073837637901306 38
1741163434965 -0.061911843717098236 39
1741163435989 -0.047512948513031006 40
1741163472554 -0.13701078295707703 41
1741163473584 -0.06960780918598175 42
1741163474607 -0.11540453135967255 43
1741163475628 -0.08177946507930756 44
1741163476639 -0.1022012010216713 45
1741163477672 -0.05111420154571533 46
1741163478702 -0.11814501881599426 47
1741163479734 -0.11467814445495605 48
1741163480757 -0.12524597346782684 49
1741163481788 -0.05857764557003975 50
