1745682482179 0.04 1
1745682482552 0.08 2
1745682482913 0.12 3
1745682483275 0.16 4
1745682483636 0.2 5
1745682484004 0.24 6
1745682484375 0.28 7
1745682484770 0.32 8
1745682485119 0.36 9
1745682485464 0.4 10
1745682502790 0.4 10
1745682503188 0.44 11
1745682503502 0.48 12
1745682503837 0.52 13
1745682504200 0.56 14
1745682504558 0.6 15
1745682504966 0.64 16
1745682505316 0.68 17
1745682505653 0.72 18
1745682506011 0.76 19
1745682506353 0.8 20
1745682524165 0.8 20
1745682524518 0.84 21
1745682524852 0.88 22
1745682525199 0.92 23
1745682525559 0.96 24
1745682525981 1.0 25
1745682526386 1.04 26
1745682526750 1.08 27
1745682527111 1.12 28
1745682527457 1.16 29
1745682527766 1.2 30
1745682532179 1.2 30
1745682532577 1.24 31
1745682532940 1.28 32
1745682533343 1.32 33
1745682533704 1.3599999999999999 34
1745682534067 1.4 35
1745682534426 1.44 36
1745682534785 1.48 37
1745682535135 1.52 38
1745682535493 1.56 39
1745682535890 1.6 40
1745682542463 1.6 40
1745682542838 1.6400000000000001 41
1745682543189 1.6800000000000002 42
1745682543536 1.72 43
1745682543875 1.76 44
1745682544224 1.8 45
