1745682482179 21.062152862548828 1
1745682482552 22.421276092529297 2
1745682482913 12.292183876037598 3
1745682483275 19.943449020385742 4
1745682483636 1149.69873046875 5
1745682484004 28.15379524230957 6
1745682484375 11.611288070678711 7
1745682484770 20.275203704833984 8
1745682485119 9.49521255493164 9
1745682485464 21.645797729492188 10
1745682503188 27.286611557006836 11
1745682503502 15.015166282653809 12
1745682503837 10.321114540100098 13
1745682504200 8.117629051208496 14
1745682504558 8.561450004577637 15
1745682504966 13.549458503723145 16
1745682505316 6.970187664031982 17
1745682505653 10.0497465133667 18
1745682506011 8.141266822814941 19
1745682506353 13.887919425964355 20
1745682524518 7.173203468322754 21
1745682524852 5.994256973266602 22
1745682525199 8.378982543945312 23
1745682525559 7.143540859222412 24
1745682525981 9.906869888305664 25
1745682526386 6.415565013885498 26
1745682526750 7.7797980308532715 27
1745682527111 10.340085983276367 28
1745682527457 11.203169822692871 29
1745682527766 8.738204002380371 30
1745682532577 7.065921306610107 31
1745682532940 5.857176303863525 32
1745682533343 6.708556652069092 33
1745682533704 5.6832194328308105 34
1745682534067 5.390699863433838 35
1745682534426 5.8729658126831055 36
1745682534785 3.0307137966156006 37
1745682535135 10.308310508728027 38
1745682535493 6.505530834197998 39
1745682535890 6.196592330932617 40
1745682542838 3.701275587081909 41
1745682543189 11.079463005065918 42
1745682543536 3.5335819721221924 43
1745682543875 4.140054225921631 44
1745682544224 4.0381083488464355 45
