1745682482179 0.0 1
1745682482552 3.3333333333333335e-05 2
1745682482913 6.666666666666667e-05 3
1745682483275 0.0001 4
1745682483636 9.988834393115767e-05 5
1745682484004 9.9553874407739e-05 6
1745682484375 9.899808525182935e-05 7
1745682484770 9.822345875271883e-05 8
1745682485119 9.723345458039594e-05 9
1745682485464 9.603249433382144e-05 10
1745682503188 9.462594179299406e-05 11
1745682503502 9.302007896300698e-05 12
1745682503837 9.122207801708802e-05 13
1745682504200 8.923996926393305e-05 14
1745682504558 8.708260528239788e-05 15
1745682504966 8.475962138373213e-05 16
1745682505316 8.228139257794012e-05 17
1745682505653 7.965898723646776e-05 18
1745682506011 7.690411765816864e-05 19
1745682506353 7.402908775933419e-05 20
1745682524518 7.104673812141675e-05 21
1745682524852 6.797038864187564e-05 22
1745682525199 6.481377904428171e-05 23
1745682525559 6.159100751337642e-05 24
1745682525981 5.831646772915651e-05 25
1745682526386 5.5004784581204927e-05 26
1745682526750 5.167074885038373e-05 27
1745682527111 4.832925114961629e-05 28
1745682527457 4.4995215418795085e-05 29
1745682527766 4.1683532270843504e-05 30
1745682532577 3.840899248662358e-05 31
1745682532940 3.5186220955718306e-05 32
1745682533343 3.202961135812437e-05 33
1745682533704 2.895326187858326e-05 34
1745682534067 2.5970912240665813e-05 35
1745682534426 2.3095882341831372e-05 36
1745682534785 2.0341012763532243e-05 37
1745682535135 1.771860742205988e-05 38
1745682535493 1.5240378616267886e-05 39
1745682535890 1.2917394717602121e-05 40
1745682542838 1.0760030736066951e-05 41
1745682543189 8.777921982911996e-06 42
1745682543536 6.979921036993042e-06 43
1745682543875 5.374058207005944e-06 44
1745682544224 3.967505666178556e-06 45
