1745682482179 1.2903 1
1745682482552 1.5389 2
1745682482913 0.8776 3
1745682483275 0.9853 4
1745682483636 3.7483 5
1745682484004 1.6788 6
1745682484375 1.3326 7
1745682484770 1.23 8
1745682485119 1.3919 9
1745682485464 0.9851 10
1745682503188 1.5251 11
1745682503502 1.5427 12
1745682503837 1.6094 13
1745682504200 1.3278 14
1745682504558 1.4643 15
1745682504966 1.2072 16
1745682505316 1.235 17
1745682505653 1.7766 18
1745682506011 1.5708 19
1745682506353 1.5822 20
1745682524518 1.5628 21
1745682524852 1.2094 22
1745682525199 1.5757 23
1745682525559 1.3991 24
1745682525981 1.4084 25
1745682526386 0.7393 26
1745682526750 0.5815 27
1745682527111 0.8511 28
1745682527457 0.763 29
1745682527766 0.3846 30
1745682532577 0.749 31
1745682532940 0.7942 32
1745682533343 0.8527 33
1745682533704 0.738 34
1745682534067 0.6655 35
1745682534426 0.5517 36
1745682534785 0.3396 37
1745682535135 0.6453 38
1745682535493 0.5972 39
1745682535890 0.6497 40
1745682542838 0.4631 41
1745682543189 0.6606 42
1745682543536 0.4477 43
1745682543875 0.4182 44
1745682544224 0.5567 45
