1745676572724 0.01 1
1745676573305 0.02 2
1745676573732 0.03 3
1745676574159 0.04 4
1745676574785 0.05 5
1745676575459 0.06 6
1745676575943 0.07 7
1745676576401 0.08 8
1745676576814 0.09 9
1745676577401 0.1 10
1745676584842 0.1 10
1745676585434 0.11 11
1745676585831 0.12 12
1745676586291 0.13 13
1745676586699 0.14 14
1745676587111 0.15 15
1745676587507 0.16 16
1745676588070 0.17 17
1745676588554 0.18 18
1745676589178 0.19 19
1745676589577 0.2 20
1745676604862 0.2 20
1745676605505 0.21 21
1745676606086 0.22 22
1745676606743 0.23 23
1745676607154 0.24 24
1745676607566 0.25 25
1745676608026 0.26 26
1745676608696 0.27 27
1745676609192 0.28 28
1745676609674 0.29 29
1745676610093 0.3 30
