1745676572724 14.138673782348633 1
1745676573305 22.025257110595703 2
1745676573732 15.398268699645996 3
1745676574159 23.988666534423828 4
1745676574785 2.8987667560577393 5
1745676575459 2.6676712036132812 6
1745676575943 4.29677677154541 7
1745676576401 4.003750324249268 8
1745676576814 10.189367294311523 9
1745676577401 3.249446153640747 10
1745676585434 2.919602155685425 11
1745676585831 4.669089317321777 12
1745676586291 3.05727219581604 13
1745676586699 5.996097087860107 14
1745676587111 2.257373094558716 15
1745676587507 12.552868843078613 16
1745676588070 3.272274971008301 17
1745676588554 2.8338587284088135 18
1745676589178 3.067516565322876 19
1745676589577 7.789565563201904 20
1745676605505 2.231497049331665 21
1745676606086 2.760833978652954 22
1745676606743 2.255934238433838 23
1745676607154 6.707803249359131 24
1745676607566 3.7273566722869873 25
1745676608026 3.0271027088165283 26
1745676608696 1.4352128505706787 27
1745676609192 3.0219554901123047 28
1745676609674 3.297391891479492 29
1745676610093 2.0303597450256348 30
