1745676572724 0.0 1
1745676573305 1e-05 2
1745676573732 2e-05 3
1745676574159 3e-05 4
1745676574785 4e-05 5
1745676575459 5e-05 6
1745676575943 6e-05 7
1745676576401 7e-05 8
1745676576814 8e-05 9
1745676577401 9e-05 10
1745676585434 0.0001 11
1745676585831 9.999316524962345e-05 12
1745676586291 9.997266286704631e-05 13
1745676586699 9.993849845741524e-05 14
1745676587111 9.989068136093873e-05 15
1745676587507 9.98292246503335e-05 16
1745676588070 9.975414512725057e-05 17
1745676588554 9.966546331768191e-05 18
1745676589178 9.956320346634876e-05 19
1745676589577 9.944739353007344e-05 20
1745676605505 9.931806517013612e-05 21
1745676606086 9.917525374361912e-05 22
1745676606743 9.901899829374047e-05 23
1745676607154 9.884934153917997e-05 24
1745676607566 9.86663298624003e-05 25
1745676608026 9.847001329696653e-05 26
1745676608696 9.826044551386744e-05 27
1745676609192 9.803768380684242e-05 28
1745676609674 9.780178907671789e-05 29
1745676610093 9.755282581475769e-05 30
