1745676572724 1.7644 1
1745676573305 2.1681 2
1745676573732 1.804 3
1745676574159 2.5489 4
1745676574785 1.0501 5
1745676575459 1.0702 6
1745676575943 1.4362 7
1745676576401 1.3369 8
1745676576814 0.8016 9
1745676577401 1.2271 10
1745676585434 0.7965 11
1745676585831 1.1664 12
1745676586291 1.0367 13
1745676586699 0.6269 14
1745676587111 0.8739 15
1745676587507 0.8298 16
1745676588070 1.1883 17
1745676588554 1.021 18
1745676589178 1.0455 19
1745676589577 0.9619 20
1745676605505 1.0059 21
1745676606086 1.0958 22
1745676606743 1.1205 23
1745676607154 1.3948 24
1745676607566 1.444 25
1745676608026 0.7563 26
1745676608696 0.6747 27
1745676609192 0.9139 28
1745676609674 0.8141 29
1745676610093 0.4561 30
