1745675928529 0.04 1
1745675929199 0.08 2
1745675929780 0.12 3
1745675930231 0.16 4
1745675930850 0.2 5
1745675931501 0.24 6
1745675932168 0.28 7
1745675932742 0.32 8
1745675933268 0.36 9
1745675933718 0.4 10
1745676108101 0.4 10
1745676108733 0.44 11
1745676109182 0.48 12
1745676109633 0.52 13
1745676110215 0.56 14
1745676110764 0.6 15
1745676111331 0.64 16
1745676111918 0.68 17
1745676112427 0.72 18
1745676113048 0.76 19
1745676113603 0.8 20
1745676311293 0.8 20
1745676311880 0.84 21
1745676312399 0.88 22
1745676312985 0.92 23
1745676313533 0.96 24
1745676314883 1.0 25
