1745675928529 19.602130889892578 1
1745675929199 18.1934814453125 2
1745675929780 8.660882949829102 3
1745675930231 7.228856563568115 4
1745675930850 2.7586112022399902 5
1745675931501 1.8675392866134644 6
1745675932168 1.6498063802719116 7
1745675932742 1.5785466432571411 8
1745675933268 1.6647433042526245 9
1745675933718 1.9968239068984985 10
1745676108733 1.6773083209991455 11
1745676109182 2.287135124206543 12
1745676109633 1.863248586654663 13
1745676110215 1.429384708404541 14
1745676110764 1.5637338161468506 15
1745676111331 2.2724196910858154 16
1745676111918 1.4267199039459229 17
1745676112427 1.5827386379241943 18
1745676113048 1.501025915145874 19
1745676113603 3.055757761001587 20
1745676311880 1.442930817604065 21
1745676312399 1.4349225759506226 22
1745676312985 1.802666187286377 23
1745676313533 1.539191722869873 24
1745676314883 1.9652042388916016 25
