1745675928529 0.0 1
1745675929199 3.3333333333333335e-05 2
1745675929780 6.666666666666667e-05 3
1745675930231 0.0001 4
1745675930850 9.988834393115767e-05 5
1745675931501 9.9553874407739e-05 6
1745675932168 9.899808525182935e-05 7
1745675932742 9.822345875271883e-05 8
1745675933268 9.723345458039594e-05 9
1745675933718 9.603249433382144e-05 10
1745676108733 9.462594179299406e-05 11
1745676109182 9.302007896300698e-05 12
1745676109633 9.122207801708802e-05 13
1745676110215 8.923996926393305e-05 14
1745676110764 8.708260528239788e-05 15
1745676111331 8.475962138373213e-05 16
1745676111918 8.228139257794012e-05 17
1745676112427 7.965898723646776e-05 18
1745676113048 7.690411765816864e-05 19
1745676113603 7.402908775933419e-05 20
1745676311880 7.104673812141675e-05 21
1745676312399 6.797038864187564e-05 22
1745676312985 6.481377904428171e-05 23
1745676313533 6.159100751337642e-05 24
1745676314883 5.831646772915651e-05 25
