1745675928529 2.558 1
1745675929199 2.598 2
1745675929780 1.5474 3
1745675930231 1.0599 4
1745675930850 1.207 5
1745675931501 1.168 6
1745675932168 0.9655 7
1745675932742 0.9174 8
1745675933268 1.0291 9
1745675933718 0.6999 10
1745676108733 1.0745 11
1745676109182 1.0361 12
1745676109633 1.0685 13
1745676110215 0.9043 14
1745676110764 1.0004 15
1745676111331 0.8208 16
1745676111918 0.8283 17
1745676112427 1.0743 18
1745676113048 1.0761 19
1745676113603 1.0246 20
1745676311880 1.0519 21
1745676312399 0.8521 22
1745676312985 0.9751 23
1745676313533 0.9474 24
1745676314883 0.9316 25
