1745671343504 0.07692307692307693 1
1745671344056 0.15384615384615385 2
1745671344709 0.23076923076923078 3
1745671345260 0.3076923076923077 4
1745671345847 0.38461538461538464 5
1745671346577 0.46153846153846156 6
1745671347242 0.5384615384615384 7
1745671347860 0.6153846153846154 8
1745671348440 0.6923076923076923 9
1745671348922 0.7692307692307693 10
1745671424415 0.7692307692307693 10
1745671424992 0.8461538461538461 11
1745671425617 0.9230769230769231 12
1745671426657 1.0 13
1745671433209 1.0769230769230769 14
1745671433795 1.1538461538461537 15
1745671434530 1.2307692307692308 16
1745671435086 1.3076923076923077 17
1745671435558 1.3846153846153846 18
1745671436185 1.4615384615384617 19
1745671436759 1.5384615384615383 20
1745671481047 1.5384615384615383 20
1745671481675 1.6153846153846154 21
1745671482300 1.6923076923076923 22
1745671482971 1.7692307692307692 23
1745671483596 1.8461538461538463 24
1745671484162 1.9230769230769231 25
1745671485293 2.0 26
