1745671343504 14.663825988769531 1
1745671344056 16.648914337158203 2
1745671344709 3.0043187141418457 3
1745671345260 2.0564768314361572 4
1745671345847 3.161642551422119 5
1745671346577 2.581672430038452 6
1745671347242 3.7091147899627686 7
1745671347860 2.3498215675354004 8
1745671348440 1.7547683715820312 9
1745671348922 2.644666910171509 10
1745671424992 1.3767973184585571 11
1745671425617 1.41229248046875 12
1745671426657 1.3488034009933472 13
1745671433209 1.2866597175598145 14
1745671433795 0.9362989068031311 15
1745671434530 1.0581592321395874 16
1745671435086 1.2517706155776978 17
1745671435558 1.5531140565872192 18
1745671436185 1.1369045972824097 19
1745671436759 1.2658277750015259 20
1745671481675 1.3621383905410767 21
1745671482300 1.7977303266525269 22
1745671482971 1.945637583732605 23
1745671483596 3.5850911140441895 24
1745671484162 1.7503764629364014 25
1745671485293 1.166186809539795 26
