1745671343504 0.0 1
1745671344056 5e-05 2
1745671344709 0.0001 3
1745671345260 9.957224306869053e-05 4
1745671345847 9.829629131445342e-05 5
1745671346577 9.619397662556435e-05 6
1745671347242 9.330127018922194e-05 7
1745671347860 8.966766701456177e-05 8
1745671348440 8.535533905932738e-05 9
1745671348922 8.043807145043604e-05 10
1745671424992 7.500000000000001e-05 11
1745671425617 6.91341716182545e-05 12
1745671426657 6.294095225512603e-05 13
1745671433209 5.6526309611002594e-05 14
1745671433795 5e-05 15
1745671434530 4.347369038899744e-05 16
1745671435086 3.705904774487396e-05 17
1745671435558 3.086582838174551e-05 18
1745671436185 2.500000000000001e-05 19
1745671436759 1.9561928549563968e-05 20
1745671481675 1.4644660940672627e-05 21
1745671482300 1.0332332985438248e-05 22
1745671482971 6.698729810778065e-06 23
1745671483596 3.8060233744356633e-06 24
1745671484162 1.70370868554659e-06 25
1745671485293 4.277569313094809e-07 26
