1745671343504 2.213 1
1745671344056 2.2219 2
1745671344709 1.1674 3
1745671345260 1.0443 4
1745671345847 0.9204 5
1745671346577 0.9073 6
1745671347242 1.4861 7
1745671347860 1.1651 8
1745671348440 0.7585 9
1745671348922 0.8521 10
1745671424992 1.0074 11
1745671425617 0.9511 12
1745671426657 0.5683 13
1745671433209 0.5217 14
1745671433795 0.5523 15
1745671434530 0.3167 16
1745671435086 0.4664 17
1745671435558 0.598 18
1745671436185 0.3946 19
1745671436759 0.4441 20
1745671481675 0.5934 21
1745671482300 0.4491 22
1745671482971 0.4577 23
1745671483596 0.5807 24
1745671484162 0.3423 25
1745671485293 0.1706 26
