1741165677333 0.2 1
1741165679508 0.4 2
1741165680596 0.6 3
1741165681684 0.8 4
1741165682756 1.0 5
1741165683817 1.2 6
1741165684886 1.4 7
1741165685957 1.6 8
1741165687029 1.8 9
1741165688101 2.0 10
1741165734589 2.2 11
1741165735660 2.4 12
1741165736733 2.6 13
1741165737801 2.8 14
1741165738850 3.0 15
1741165739919 3.2 16
1741165741002 3.4 17
1741165742054 3.6 18
1741165743124 3.8 19
1741165744206 4.0 20
1741165790853 4.2 21
1741165791933 4.4 22
1741165792991 4.6 23
1741165794056 4.8 24
1741165795134 5.0 25
1741165796211 5.2 26
1741165797276 5.4 27
1741165798337 5.6 28
1741165799413 5.8 29
1741165800480 6.0 30
1741165846851 6.2 31
1741165847929 6.4 32
1741165849006 6.6 33
1741165850061 6.8 34
1741165851133 7.0 35
1741165852212 7.2 36
1741165853276 7.4 37
1741165854337 7.6 38
1741165855423 7.8 39
1741165856500 8.0 40
1741165902999 8.2 41
1741165904078 8.4 42
1741165905153 8.6 43
1741165906233 8.8 44
1741165907301 9.0 45
1741165908381 9.2 46
1741165909450 9.4 47
1741165910523 9.6 48
1741165911579 9.8 49
1741165912649 10.0 50
1741165958224 10.0 50
