1741165677333 1.6537731193785272 1
1741165679508 1.9016438176774575 2
1741165680596 1.0072151575130994 3
1741165681684 1.722516592489802 4
1741165682756 1.2530706534323857 5
1741165683817 2.1518165869175427 6
1741165684886 1.5208533803532454 7
1741165685957 2.2444563546360525 8
1741165687029 1.246983643507968 9
1741165688101 2.2391719968001937 10
1741165734589 1.7712280376845047 11
1741165735660 1.6204218690776102 12
1741165736733 1.8357233750460686 13
1741165737801 1.9576359315103153 14
1741165738850 2.1277940806157494 15
1741165739919 1.1223338914900696 16
1741165741002 1.5645916507552382 17
1741165742054 1.8529527983364662 18
1741165743124 1.364896501509083 19
1741165744206 0.9026348178837554 20
1741165790853 0.764261055859726 21
1741165791933 1.0925745572249113 22
1741165792991 2.315084550120565 23
1741165794056 1.130890888992407 24
1741165795134 0.7655064787025371 25
1741165796211 1.8792797383510667 26
1741165797276 1.1581473488221519 27
1741165798337 0.9627265550679642 28
1741165799413 1.274601544103333 29
1741165800480 1.4990850535869664 30
1741165846851 1.4099207784976575 31
1741165847929 0.8514156411617789 32
1741165849006 0.8670119417517257 33
1741165850061 1.176928757152585 34
1741165851133 1.4778203555055802 35
1741165852212 2.332907553326579 36
1741165853276 1.5967207039922457 37
1741165854337 0.8974293148697025 38
1741165855423 0.8396556173598514 39
1741165856500 0.5869274598250971 40
1741165902999 1.1730721190101185 41
1741165904078 1.3121021188019064 42
1741165905153 1.285230006639538 43
1741165906233 1.218773265802209 44
1741165907301 1.1532359924029534 45
1741165908381 0.7720566041274886 46
1741165909450 1.4246850556065873 47
1741165910523 1.399688402769137 48
1741165911579 1.5761948469672251 49
1741165912649 0.7420170622807826 50
