1741165677333 6.666666666666667e-06 1
1741165679508 1.3333333333333333e-05 2
1741165680596 2e-05 3
1741165681684 1.9977668786231536e-05 4
1741165682756 1.9910774881547803e-05 5
1741165683817 1.979961705036587e-05 6
1741165684886 1.964469175054377e-05 7
1741165685957 1.944669091607919e-05 8
1741165687029 1.920649886676429e-05 9
1741165688101 1.8925188358598815e-05 10
1741165734589 1.8604015792601395e-05 11
1741165735660 1.8244415603417603e-05 12
1741165736733 1.7847993852786612e-05 13
1741165737801 1.7416521056479577e-05 14
1741165738850 1.6951924276746425e-05 15
1741165739919 1.6456278515588023e-05 16
1741165741002 1.5931797447293553e-05 17
1741165742054 1.5380823531633727e-05 18
1741165743124 1.4805817551866839e-05 19
1741165744206 1.4209347624283352e-05 20
1741165790853 1.3594077728375129e-05 21
1741165791933 1.2962755808856341e-05 22
1741165792991 1.2318201502675285e-05 23
1741165794056 1.1663293545831302e-05 24
1741165795134 1.1000956916240985e-05 25
1741165796211 1.0334149770076747e-05 26
1741165797276 9.665850229923258e-06 27
1741165798337 8.999043083759016e-06 28
1741165799413 8.336706454168701e-06 29
1741165800480 7.681798497324717e-06 30
1741165846851 7.037244191143662e-06 31
1741165847929 6.405922271624874e-06 32
1741165849006 5.790652375716653e-06 33
1741165850061 5.194182448133163e-06 34
1741165851133 4.619176468366274e-06 35
1741165852212 4.0682025527064486e-06 36
1741165853276 3.543721484411976e-06 37
1741165854337 3.0480757232535773e-06 38
1741165855423 2.5834789435204245e-06 39
1741165856500 2.1520061472133903e-06 40
1741165902999 1.7555843965823992e-06 41
1741165904078 1.3959842073986085e-06 42
1741165905153 1.074811641401189e-06 43
1741165906233 7.935011332357113e-07 44
1741165907301 5.533090839208133e-07 45
1741165908381 3.553082494562354e-07 46
1741165909450 2.0038294963413251e-07 47
1741165910523 8.922511845219972e-08 48
1741165911579 2.2331213768468363e-08 49
1741165912649 0.0 50
