1741165677333 2.8165 1
1741165679508 3.0262 2
1741165680596 2.1011 3
1741165681684 2.4846 4
1741165682756 2.5133 5
1741165683817 2.6636 6
1741165684886 2.7545 7
1741165685957 2.6371 8
1741165687029 1.9635 9
1741165688101 2.424 10
1741165734589 2.0765 11
1741165735660 2.5776 12
1741165736733 2.1079 13
1741165737801 2.13 14
1741165738850 2.2987 15
1741165739919 1.7786 16
1741165741002 2.0306 17
1741165742054 2.2801 18
1741165743124 2.2729 19
1741165744206 1.7669 20
1741165790853 1.6896 21
1741165791933 1.6146 22
1741165792991 2.1004 23
1741165794056 2.3486 24
1741165795134 1.6103 25
1741165796211 2.0745 26
1741165797276 1.815 27
1741165798337 1.7499 28
1741165799413 1.7318 29
1741165800480 1.6159 30
1741165846851 1.6662 31
1741165847929 1.598 32
1741165849006 1.6368 33
1741165850061 1.8563 34
1741165851133 1.6348 35
1741165852212 1.6802 36
1741165853276 2.002 37
1741165854337 1.3823 38
1741165855423 1.5307 39
1741165856500 1.5761 40
1741165902999 1.5993 41
1741165904078 1.934 42
1741165905153 1.5043 43
1741165906233 1.3572 44
1741165907301 1.9394 45
1741165908381 1.4742 46
1741165909450 1.3829 47
1741165910523 1.6164 48
1741165911579 2.0813 49
1741165912649 1.4727 50
