1741165677333 2.61892032623291 1
1741165679508 1.7473500967025757 2
1741165680596 1.9527039527893066 3
1741165681684 1.8708703517913818 4
1741165682756 2.493708372116089 5
1741165683817 1.7076212167739868 6
1741165684886 2.3507914543151855 7
1741165685957 1.978657841682434 8
1741165687029 2.02679705619812 9
1741165688101 2.351015090942383 10
1741165734589 1.814758539199829 11
1741165735660 2.086824417114258 12
1741165736733 2.137712240219116 13
1741165737801 1.5354912281036377 14
1741165738850 1.828729271888733 15
1741165739919 1.5689510107040405 16
1741165741002 1.7331665754318237 17
1741165742054 1.8479779958724976 18
1741165743124 1.8904563188552856 19
1741165744206 1.7009832859039307 20
1741165790853 1.7977148294448853 21
1741165791933 1.370733380317688 22
1741165792991 1.3513582944869995 23
1741165794056 1.8979601860046387 24
1741165795134 1.907941460609436 25
1741165796211 1.4208179712295532 26
1741165797276 1.6084315776824951 27
1741165798337 1.5861701965332031 28
1741165799413 1.6753685474395752 29
1741165800480 1.3861618041992188 30
1741165846851 1.406436562538147 31
1741165847929 1.839409589767456 32
1741165849006 1.3127714395523071 33
1741165850061 1.6775386333465576 34
1741165851133 1.6110694408416748 35
1741165852212 1.5488057136535645 36
1741165853276 1.353973388671875 37
1741165854337 1.2547955513000488 38
1741165855423 1.697157382965088 39
1741165856500 1.8762288093566895 40
1741165902999 1.1132643222808838 41
1741165904078 1.8843963146209717 42
1741165905153 1.3197576999664307 43
1741165906233 1.5214312076568604 44
1741165907301 1.6583011150360107 45
1741165908381 1.8239996433258057 46
1741165909450 1.1471543312072754 47
1741165910523 1.4050593376159668 48
1741165911579 1.5427653789520264 49
1741165912649 1.6823718547821045 50
