1745741783426 0.02 1
1745741783694 0.04 2
1745741783909 0.06 3
1745741784100 0.08 4
1745741784291 0.1 5
1745741784487 0.12 6
1745741784693 0.14 7
1745741784887 0.16 8
1745741785076 0.18 9
1745741785282 0.2 10
1745741793979 0.2 10
1745741802514 0.22 11
1745741802752 0.24 12
1745741803001 0.26 13
1745741803255 0.28 14
1745741803490 0.3 15
1745741803747 0.32 16
1745741803928 0.34 17
1745741804120 0.36 18
1745741804307 0.38 19
1745741804481 0.4 20
1745741812663 0.4 20
1745741821465 0.42 21
1745741821654 0.44 22
1745741821828 0.46 23
1745741822004 0.48 24
1745741822181 0.5 25
1745741822356 0.52 26
1745741822559 0.54 27
1745741822813 0.56 28
1745741823045 0.58 29
1745741823291 0.6 30
1745741829870 0.6 30
1745741830706 0.62 31
1745741830962 0.64 32
1745741831153 0.66 33
1745741831344 0.68 34
1745741831522 0.7 35
1745741831697 0.72 36
1745741831899 0.74 37
1745741832093 0.76 38
1745741832276 0.78 39
1745741832450 0.8 40
1745741841410 0.8 40
1745741850790 0.82 41
1745741850982 0.84 42
1745741851160 0.86 43
1745741851342 0.88 44
1745741851532 0.9 45
1745741851706 0.92 46
1745741851880 0.94 47
1745741852085 0.96 48
1745741852326 0.98 49
1745741852550 1.0 50
1745741860514 1.0 50
1745741869148 1.02 51
1745741869333 1.04 52
1745741869539 1.06 53
1745741869742 1.08 54
1745741869949 1.1 55
1745741870138 1.12 56
1745741870326 1.1400000000000001 57
1745741870505 1.16 58
1745741870684 1.18 59
1745741870863 1.2 60
1745741882364 1.2 60
1745741892726 1.22 61
1745741892976 1.24 62
1745741893227 1.26 63
1745741893455 1.28 64
1745741893715 1.3 65
1745741893934 1.32 66
1745741894139 1.34 67
1745741894324 1.3599999999999999 68
1745741894531 1.38 69
1745741894736 1.4 70
1745741906058 1.4 70
1745741917422 1.42 71
1745741917599 1.44 72
1745741917796 1.46 73
1745741917975 1.48 74
1745741918165 1.5 75
1745741918394 1.52 76
1745741918569 1.54 77
1745741918769 1.56 78
1745741919012 1.58 79
1745741919247 1.6 80
1745741928739 1.6 80
1745741940129 1.62 81
1745741940321 1.6400000000000001 82
1745741940501 1.6600000000000001 83
1745741940675 1.6800000000000002 84
1745741940863 1.7 85
1745741941048 1.72 86
1745741941225 1.74 87
1745741941403 1.76 88
1745741941593 1.78 89
1745741941781 1.8 90
1745741951317 1.8 90
1745741961538 1.8199999999999998 91
1745741961713 1.8399999999999999 92
1745741961887 1.8599999999999999 93
1745741962086 1.88 94
1745741962289 1.9 95
1745741962466 1.92 96
1745741962680 1.94 97
1745741962921 1.96 98
1745741963174 1.98 99
1745741963465 2.0 100
1745741974511 2.0 100
1745742008016 2.0 100
