1745741783426 4.636805534362793 1
1745741783694 7.987751483917236 2
1745741783909 2.8272206783294678 3
1745741784100 4.884442329406738 4
1745741784291 10.650070190429688 5
1745741784487 1.9925626516342163 6
1745741784693 4.036267280578613 7
1745741784887 5.493993282318115 8
1745741785076 1.6200493574142456 9
1745741785282 3.891413927078247 10
1745741802514 1.3259366750717163 11
1745741802752 2.9306812286376953 12
1745741803001 2.016575813293457 13
1745741803255 1.5982787609100342 14
1745741803490 1.4424846172332764 15
1745741803747 1.2566806077957153 16
1745741803928 1.742332935333252 17
1745741804120 1.4875473976135254 18
1745741804307 1.7458486557006836 19
1745741804481 1.7083059549331665 20
1745741821465 1.9981937408447266 21
1745741821654 1.220181941986084 22
1745741821828 2.5093791484832764 23
1745741822004 2.6442503929138184 24
1745741822181 3.4394142627716064 25
1745741822356 1.9450126886367798 26
1745741822559 2.1905651092529297 27
1745741822813 1.2506707906723022 28
1745741823045 2.159024953842163 29
1745741823291 1.8147315979003906 30
1745741830706 1.5447009801864624 31
1745741830962 2.3365557193756104 32
1745741831153 1.168545126914978 33
1745741831344 1.629547357559204 34
1745741831522 1.6140657663345337 35
1745741831697 1.5047327280044556 36
1745741831899 1.7710018157958984 37
1745741832093 1.6148898601531982 38
1745741832276 1.5316036939620972 39
1745741832450 3.412290096282959 40
1745741850790 1.2825181484222412 41
1745741850982 1.5390336513519287 42
1745741851160 1.3346233367919922 43
1745741851342 1.8296575546264648 44
1745741851532 1.4318428039550781 45
1745741851706 2.749199628829956 46
1745741851880 2.1711065769195557 47
1745741852085 1.3867535591125488 48
1745741852326 3.8640425205230713 49
1745741852550 1.5751323699951172 50
1745741869148 1.134955883026123 51
1745741869333 1.0663713216781616 52
1745741869539 0.9071981906890869 53
1745741869742 0.7970338463783264 54
1745741869949 1.7597837448120117 55
1745741870138 2.4070262908935547 56
1745741870326 2.56259822845459 57
1745741870505 5.554104804992676 58
1745741870684 2.191506862640381 59
1745741870863 1.079034686088562 60
1745741892726 2.1478307247161865 61
1745741892976 1.0829347372055054 62
1745741893227 2.9742484092712402 63
1745741893455 1.062305212020874 64
1745741893715 0.934355616569519 65
1745741893934 1.8094364404678345 66
1745741894139 1.277831792831421 67
1745741894324 2.661129951477051 68
1745741894531 1.3446046113967896 69
1745741894736 1.1125472784042358 70
1745741917422 3.271049976348877 71
1745741917599 0.9873878955841064 72
1745741917796 0.9927463531494141 73
1745741917975 0.9151526093482971 74
1745741918165 1.2086440324783325 75
1745741918394 2.570950984954834 76
1745741918569 1.2791494131088257 77
1745741918769 1.0743128061294556 78
1745741919012 1.2242995500564575 79
1745741919247 2.4931747913360596 80
1745741940129 1.1520060300827026 81
1745741940321 1.0764780044555664 82
1745741940501 1.2073791027069092 83
1745741940675 2.397724151611328 84
1745741940863 1.076642394065857 85
1745741941048 1.261163353919983 86
1745741941225 1.2139031887054443 87
1745741941403 1.3912233114242554 88
1745741941593 1.242902159690857 89
1745741941781 1.3924561738967896 90
1745741961538 1.1129846572875977 91
1745741961713 2.214423179626465 92
1745741961887 1.5336586236953735 93
1745741962086 0.5941221117973328 94
1745741962289 1.2483659982681274 95
1745741962466 2.208684206008911 96
1745741962680 2.047802448272705 97
1745741962921 1.0589438676834106 98
1745741963174 1.542842149734497 99
1745741963465 1.4194146394729614 100
