1745741783426 0.0 1
1745741783694 2e-05 2
1745741783909 4e-05 3
1745741784100 6e-05 4
1745741784291 8e-05 5
1745741784487 0.0001 6
1745741784693 9.997266286704631e-05 7
1745741784887 9.989068136093873e-05 8
1745741785076 9.975414512725057e-05 9
1745741785282 9.956320346634876e-05 10
1745741802514 9.931806517013612e-05 11
1745741802752 9.901899829374047e-05 12
1745741803001 9.86663298624003e-05 13
1745741803255 9.826044551386744e-05 14
1745741803490 9.780178907671789e-05 15
1745741803747 9.729086208503174e-05 16
1745741803928 9.672822322997305e-05 17
1745741804120 9.611448774886924e-05 18
1745741804307 9.545032675245813e-05 19
1745741804481 9.473646649103818e-05 20
1745741821465 9.397368756032445e-05 21
1745741821654 9.316282404787871e-05 22
1745741821828 9.230476262104677e-05 23
1745741822004 9.140044155740101e-05 24
1745741822181 9.045084971874738e-05 25
1745741822356 8.945702546981969e-05 26
1745741822559 8.842005554284296e-05 27
1745741822813 8.73410738492077e-05 28
1745741823045 8.622126023955446e-05 29
1745741823291 8.506183921362443e-05 30
1745741830706 8.386407858128706e-05 31
1745741830962 8.262928807620843e-05 32
1745741831153 8.135881792367686e-05 33
1745741831344 8.005405736415126e-05 34
1745741831522 7.871643313414718e-05 35
1745741831697 7.734740790612136e-05 36
1745741831899 7.594847868906076e-05 37
1745741832093 7.452117519152542e-05 38
1745741832276 7.30670581489344e-05 39
1745741832450 7.158771761692464e-05 40
1745741850790 7.008477123264848e-05 41
1745741850982 6.855986244591104e-05 42
1745741851160 6.701465872208216e-05 43
1745741851342 6.545084971874738e-05 44
1745741851532 6.387014543809223e-05 45
1745741851706 6.227427435703997e-05 46
1745741851880 6.066498153718735e-05 47
1745741852085 5.90440267166055e-05 48
1745741852326 5.74131823855921e-05 49
1745741852550 5.577423184847932e-05 50
1745741869148 5.4128967273616625e-05 51
1745741869333 5.247918773366112e-05 52
1745741869539 5.0826697238317935e-05 53
1745741869742 4.917330276168208e-05 54
1745741869949 4.7520812266338885e-05 55
1745741870138 4.5871032726383386e-05 56
1745741870326 4.4225768151520694e-05 57
1745741870505 4.2586817614407895e-05 58
1745741870684 4.095597328339452e-05 59
1745741870863 3.933501846281267e-05 60
1745741892726 3.772572564296005e-05 61
1745741892976 3.612985456190778e-05 62
1745741893227 3.4549150281252636e-05 63
1745741893455 3.298534127791785e-05 64
1745741893715 3.144013755408895e-05 65
1745741893934 2.991522876735154e-05 66
1745741894139 2.8412282383075363e-05 67
1745741894324 2.693294185106562e-05 68
1745741894531 2.547882480847461e-05 69
1745741894736 2.405152131093926e-05 70
1745741917422 2.2652592093878666e-05 71
1745741917599 2.128356686585282e-05 72
1745741917796 1.9945942635848748e-05 73
1745741917975 1.8641182076323148e-05 74
1745741918165 1.7370711923791567e-05 75
1745741918394 1.6135921418712956e-05 76
1745741918569 1.4938160786375572e-05 77
1745741918769 1.3778739760445552e-05 78
1745741919012 1.2658926150792322e-05 79
1745741919247 1.157994445715706e-05 80
1745741940129 1.0542974530180327e-05 81
1745741940321 9.549150281252633e-06 82
1745741940501 8.599558442598998e-06 83
1745741940675 7.695237378953223e-06 84
1745741940863 6.837175952121306e-06 85
1745741941048 6.026312439675552e-06 86
1745741941225 5.263533508961827e-06 87
1745741941403 4.549673247541875e-06 88
1745741941593 3.885512251130763e-06 89
1745741941781 3.271776770026963e-06 90
1745741961538 2.7091379149682685e-06 91
1745741961713 2.1982109232821178e-06 92
1745741961887 1.7395544861325718e-06 93
1745741962086 1.333670137599713e-06 94
1745741962289 9.810017062595322e-07 95
1745741962466 6.819348298638839e-07 96
1745741962680 4.367965336512403e-07 97
1745741962921 2.458548727494292e-07 98
1745741963174 1.0931863906127327e-07 99
1745741963465 2.7337132953697554e-08 100
