1745741783426 1.1897 1
1745741783694 1.391 2
1745741783909 1.0311 3
1745741784100 1.4027 4
1745741784291 0.9978 5
1745741784487 0.8776 6
1745741784693 0.7769 7
1745741784887 0.6758 8
1745741785076 1.0921 9
1745741785282 0.9433 10
1745741802514 0.9435 11
1745741802752 1.1173 12
1745741803001 1.1964 13
1745741803255 0.8091 14
1745741803490 0.5671 15
1745741803747 1.1917 16
1745741803928 0.6941 17
1745741804120 1.297 18
1745741804307 0.7763 19
1745741804481 0.5106 20
1745741821465 1.0815 21
1745741821654 1.0184 22
1745741821828 0.9258 23
1745741822004 1.2141 24
1745741822181 1.3692 25
1745741822356 0.7624 26
1745741822559 0.6874 27
1745741822813 1.0171 28
1745741823045 0.8987 29
1745741823291 1.0896 30
1745741830706 1.0371 31
1745741830962 0.4642 32
1745741831153 0.7255 33
1745741831344 0.855 34
1745741831522 1.0833 35
1745741831697 0.9618 36
1745741831899 1.1311 37
1745741832093 1.0765 38
1745741832276 0.9844 39
1745741832450 0.913 40
1745741850790 1.0699 41
1745741850982 0.902 42
1745741851160 0.7152 43
1745741851342 0.9372 44
1745741851532 0.8913 45
1745741851706 1.0657 46
1745741851880 1.0746 47
1745741852085 0.7418 48
1745741852326 1.0427 49
1745741852550 0.834 50
1745741869148 0.3027 51
1745741869333 0.3547 52
1745741869539 0.4338 53
1745741869742 0.37 54
1745741869949 0.4653 55
1745741870138 0.1377 56
1745741870326 0.5226 57
1745741870505 0.162 58
1745741870684 0.1476 59
1745741870863 0.2357 60
1745741892726 0.674 61
1745741892976 0.307 62
1745741893227 0.5643 63
1745741893455 0.4086 64
1745741893715 0.3876 65
1745741893934 0.631 66
1745741894139 0.4277 67
1745741894324 0.4166 68
1745741894531 0.3671 69
1745741894736 0.3263 70
1745741917422 0.3443 71
1745741917599 0.2704 72
1745741917796 0.3039 73
1745741917975 0.2612 74
1745741918165 0.5558 75
1745741918394 0.5538 76
1745741918569 0.2099 77
1745741918769 0.3584 78
1745741919012 0.4824 79
1745741919247 0.4177 80
1745741940129 0.4262 81
1745741940321 0.3169 82
1745741940501 0.2351 83
1745741940675 0.1756 84
1745741940863 0.4277 85
1745741941048 0.3731 86
1745741941225 0.411 87
1745741941403 0.387 88
1745741941593 0.3553 89
1745741941781 0.3479 90
1745741961538 0.5673 91
1745741961713 0.2697 92
1745741961887 0.1463 93
1745741962086 0.2163 94
1745741962289 0.3882 95
1745741962466 0.26 96
1745741962680 0.3109 97
1745741962921 0.2192 98
1745741963174 0.25 99
1745741963465 0.4362 100
