1744631631848 0.0030211480362537764 1
1744631632875 0.006042296072507553 2
1744631633900 0.00906344410876133 3
1744631634925 0.012084592145015106 4
1744631635951 0.015105740181268883 5
1744631636978 0.01812688821752266 6
1744631638004 0.021148036253776436 7
1744631639030 0.02416918429003021 8
1744631640055 0.027190332326283987 9
1744631641080 0.030211480362537766 10
1744631642102 0.03323262839879154 11
1744631643131 0.03625377643504532 12
1744631644155 0.03927492447129909 13
1744631645174 0.04229607250755287 14
1744631646195 0.045317220543806644 15
1744631647220 0.04833836858006042 16
1744631648240 0.0513595166163142 17
1744631649260 0.054380664652567974 18
1744631650279 0.05740181268882175 19
1744631651299 0.06042296072507553 20
