1744631631848 8.18502140045166 1
1744631632875 10.014248847961426 2
1744631633900 8.55691909790039 3
1744631634925 12.26404094696045 4
1744631635951 3.8911404609680176 5
1744631636978 1.6626406908035278 6
1744631638004 2.5951812267303467 7
1744631639030 2.37225604057312 8
1744631640055 1.7403411865234375 9
1744631641080 2.4879074096679688 10
1744631642102 0.9924366474151611 11
1744631643131 1.3959656953811646 12
1744631644155 1.1207797527313232 13
1744631645174 0.9716336131095886 14
1744631646195 0.8761041164398193 15
1744631647220 0.800326406955719 16
1744631648240 0.9207041263580322 17
1744631649260 0.8338825106620789 18
1744631650279 0.7911511659622192 19
1744631651299 0.7967647314071655 20
