1744631631848 0.0 1
1744631632875 2.9411764705882355e-06 2
1744631633900 5.882352941176471e-06 3
1744631634925 8.823529411764707e-06 4
1744631635951 1.1764705882352942e-05 5
1744631636978 1.4705882352941177e-05 6
1744631638004 1.7647058823529414e-05 7
1744631639030 2.058823529411765e-05 8
1744631640055 2.3529411764705884e-05 9
1744631641080 2.647058823529412e-05 10
1744631642102 2.9411764705882354e-05 11
1744631643131 3.235294117647059e-05 12
1744631644155 3.529411764705883e-05 13
1744631645174 3.8235294117647055e-05 14
1744631646195 4.11764705882353e-05 15
1744631647220 4.411764705882353e-05 16
1744631648240 4.705882352941177e-05 17
1744631649260 5e-05 18
1744631650279 5.294117647058824e-05 19
1744631651299 5.588235294117647e-05 20
