1741165677333 -1.03501558303833 1
1741165679508 -0.9647409915924072 2
1741165680596 -1.1198222637176514 3
1741165681684 -1.1390979290008545 4
1741165682756 -0.8660784363746643 5
1741165683817 -1.0683964490890503 6
1741165684886 -0.6618664860725403 7
1741165685957 -1.1920994520187378 8
1741165687029 -1.1147960424423218 9
1741165688101 -1.509413480758667 10
1741165734589 -1.5551804304122925 11
1741165735660 -0.5979270339012146 12
1741165736733 -1.0216262340545654 13
1741165737801 -1.0451717376708984 14
1741165738850 -1.2073768377304077 15
1741165739919 -1.5801899433135986 16
1741165741002 -0.641865611076355 17
1741165742054 -1.0404112339019775 18
1741165743124 -0.9414538145065308 19
1741165744206 -1.0033103227615356 20
1741165790853 -1.5073481798171997 21
1741165791933 -1.4750316143035889 22
1741165792991 -0.6523021459579468 23
1741165794056 -0.4724341034889221 24
1741165795134 -0.9491254091262817 25
1741165796211 -0.5128072500228882 26
1741165797276 -1.3542468547821045 27
1741165798337 -0.9855956435203552 28
1741165799413 -0.7228534817695618 29
1741165800480 -1.004876732826233 30
1741165846851 -1.0914332866668701 31
1741165847929 -1.411159634590149 32
1741165849006 -1.0213712453842163 33
1741165850061 -0.46682995557785034 34
1741165851133 -1.1514567136764526 35
1741165852212 -1.1160863637924194 36
1741165853276 -0.4963408410549164 37
1741165854337 -1.4478425979614258 38
1741165855423 -1.4561972618103027 39
1741165856500 -0.6349179744720459 40
1741165902999 -0.9831861853599548 41
1741165904078 -1.1187975406646729 42
1741165905153 -1.015514850616455 43
1741165906233 -1.43943452835083 44
1741165907301 -0.05261045694351196 45
1741165908381 -0.9430237412452698 46
1741165909450 -1.4025003910064697 47
1741165910523 -0.9391652345657349 48
1741165911579 -0.25452572107315063 49
1741165912649 -1.5059179067611694 50
