1741165677333 -1.0476480722427368 1
1741165679508 -1.0657000541687012 2
1741165680596 -1.0648759603500366 3
1741165681684 -1.0604640245437622 4
1741165682756 -0.6071571111679077 5
1741165683817 -1.0425606966018677 6
1741165684886 -0.5818868279457092 7
1741165685957 -1.0839868783950806 8
1741165687029 -1.0858392715454102 9
1741165688101 -1.5524425506591797 10
1741165734589 -1.544019103050232 11
1741165735660 -0.6084949970245361 12
1741165736733 -1.067733883857727 13
1741165737801 -1.0202044248580933 14
1741165738850 -1.1026800870895386 15
1741165739919 -1.6037614345550537 16
1741165741002 -0.4995327889919281 17
1741165742054 -1.0717154741287231 18
1741165743124 -1.0542333126068115 19
1741165744206 -1.1115288734436035 20
1741165790853 -1.6026389598846436 21
1741165791933 -1.5831820964813232 22
1741165792991 -0.5290692448616028 23
1741165794056 -0.5506464242935181 24
1741165795134 -1.09325110912323 25
1741165796211 -0.4714367985725403 26
1741165797276 -1.5705233812332153 27
1741165798337 -1.08980131149292 28
1741165799413 -0.6367140412330627 29
1741165800480 -1.0290833711624146 30
1741165846851 -1.0727050304412842 31
1741165847929 -1.5853359699249268 32
1741165849006 -1.121166467666626 33
1741165850061 -0.5283106565475464 34
1741165851133 -1.0867103338241577 35
1741165852212 -1.0729868412017822 36
1741165853276 -0.5085391402244568 37
1741165854337 -1.6349937915802002 38
1741165855423 -1.5518639087677002 39
1741165856500 -0.6339131593704224 40
1741165902999 -1.0694290399551392 41
1741165904078 -1.1152229309082031 42
1741165905153 -1.0713310241699219 43
1741165906233 -1.5334625244140625 44
1741165907301 -0.06720014661550522 45
1741165908381 -1.0993218421936035 46
1741165909450 -1.5874894857406616 47
1741165910523 -1.0135427713394165 48
1741165911579 -0.0850289985537529 49
1741165912649 -1.6255385875701904 50
