1741163278910 -0.6629244089126587 1
1741163281012 -1.5483131408691406 2
1741163282029 -0.7787004709243774 3
1741163283036 -1.1526514291763306 4
1741163284037 -0.5888956189155579 5
1741163285032 -1.4200496673583984 6
1741163286032 -0.9192935228347778 7
1741163287031 -1.1199486255645752 8
1741163288040 -0.5731977224349976 9
1741163289051 -0.62375807762146 10
1741163334252 -0.8767687678337097 11
1741163335293 -0.9740922451019287 12
1741163336325 -0.5903685092926025 13
1741163337349 -1.2814899682998657 14
1741163338364 -1.0112354755401611 15
1741163339401 -0.8762129545211792 16
1741163340435 -1.0535916090011597 17
1741163341450 -1.0185575485229492 18
1741163342473 -0.9636789560317993 19
1741163343495 -0.7751883268356323 20
1741163380888 -0.585595965385437 21
1741163381962 -1.1088873147964478 22
1741163382974 -1.4333125352859497 23
1741163383994 -1.0345213413238525 24
1741163385024 -0.5111410617828369 25
1741163386047 -1.4893560409545898 26
1741163387084 -0.9832719564437866 27
1741163388105 -0.9008484482765198 28
1741163389137 -0.7534252405166626 29
1741163390165 -1.1241106986999512 30
1741163426762 -1.15232515335083 31
1741163427806 -0.5093448758125305 32
1741163428833 -1.0907931327819824 33
1741163429852 -1.0017882585525513 34
1741163430874 -0.8605644106864929 35
1741163431904 -0.9556389451026917 36
1741163432930 -1.5561847686767578 37
1741163433942 -1.0073837041854858 38
1741163434965 -0.6191184520721436 39
1741163435989 -0.4751294255256653 40
1741163472554 -1.370107889175415 41
1741163473584 -0.6960781216621399 42
1741163474607 -1.1540453433990479 43
1741163475628 -0.8177946209907532 44
1741163476639 -1.0220119953155518 45
1741163477672 -0.5111419558525085 46
1741163478702 -1.1814502477645874 47
1741163479734 -1.146781325340271 48
1741163480757 -1.2524597644805908 49
1741163481788 -0.5857764482498169 50
