1745665432009 0.008 1
1745665432640 0.016 2
1745665433156 0.024 3
1745665433704 0.032 4
1745665434188 0.04 5
1745665434665 0.048 6
1745665435156 0.056 7
1745665435780 0.064 8
1745665436356 0.072 9
1745665437022 0.08 10
1745665437505 0.088 11
1745665437990 0.096 12
1745665438570 0.104 13
1745665439195 0.112 14
1745665439866 0.12 15
1745665440494 0.128 16
1745665441126 0.136 17
1745665441694 0.144 18
1745665442239 0.152 19
1745665442842 0.16 20
1745665488741 0.16 20
1745665489323 0.168 21
1745665489911 0.176 22
1745665490569 0.184 23
1745665491158 0.192 24
1745665491744 0.2 25
1745665492335 0.208 26
1745665492998 0.216 27
1745665493647 0.224 28
1745665494124 0.232 29
1745665494769 0.24 30
