1745665432009 14.938410758972168 1
1745665432640 37.86139678955078 2
1745665433156 15.739633560180664 3
1745665433704 7.623631477355957 4
1745665434188 11.129526138305664 5
1745665434665 3.2493112087249756 6
1745665435156 3.375164270401001 7
1745665435780 2.2049660682678223 8
1745665436356 1.8334208726882935 9
1745665437022 1.7702604532241821 10
1745665437505 2.7567245960235596 11
1745665437990 1.7314059734344482 12
1745665438570 1.7812525033950806 13
1745665439195 1.7216945886611938 14
1745665439866 2.6409854888916016 15
1745665440494 1.6002525091171265 16
1745665441126 1.991984486579895 17
1745665441694 1.541205644607544 18
1745665442239 1.8303017616271973 19
1745665442842 1.8674544095993042 20
1745665489323 1.5457372665405273 21
1745665489911 1.7803239822387695 22
1745665490569 1.1962084770202637 23
1745665491158 1.5703527927398682 24
1745665491744 1.2749662399291992 25
1745665492335 1.8765658140182495 26
1745665492998 1.418893575668335 27
1745665493647 4.0585527420043945 28
1745665494124 2.2009174823760986 29
1745665494769 2.1401188373565674 30
