1745665432009 0.0 1
1745665432640 7.692307692307694e-06 2
1745665433156 1.5384615384615387e-05 3
1745665433704 2.307692307692308e-05 4
1745665434188 3.0769230769230774e-05 5
1745665434665 3.846153846153846e-05 6
1745665435156 4.615384615384616e-05 7
1745665435780 5.384615384615385e-05 8
1745665436356 6.153846153846155e-05 9
1745665437022 6.923076923076924e-05 10
1745665437505 7.692307692307693e-05 11
1745665437990 8.461538461538461e-05 12
1745665438570 9.230769230769232e-05 13
1745665439195 0.0001 14
1745665439866 9.999560724782174e-05 15
1745665440494 9.998242976313776e-05 16
1745665441126 9.996046986136509e-05 17
1745665441694 9.992973140107997e-05 18
1745665442239 9.989021978333995e-05 19
1745665442842 9.98419419507348e-05 20
1745665489323 9.97849063861667e-05 21
1745665489911 9.971912311135967e-05 22
1745665490569 9.964460368509867e-05 23
1745665491158 9.956136120119858e-05 24
1745665491744 9.94694102862035e-05 25
1745665492335 9.936876709681668e-05 26
1745665492998 9.925944931706173e-05 27
1745665493647 9.914147615517526e-05 28
1745665494124 9.901486834023182e-05 29
1745665494769 9.887964811850159e-05 30
