1745665432009 2.1911 1
1745665432640 3.7413 2
1745665433156 2.0834 3
1745665433704 1.2849 4
1745665434188 1.509 5
1745665434665 0.8411 6
1745665435156 1.1158 7
1745665435780 1.2675 8
1745665436356 1.2161 9
1745665437022 1.1024 10
1745665437505 0.6084 11
1745665437990 1.0955 12
1745665438570 0.8967 13
1745665439195 1.0316 14
1745665439866 1.0801 15
1745665440494 0.7915 16
1745665441126 1.0037 17
1745665441694 1.1332 18
1745665442239 1.0422 19
1745665442842 1.0236 20
1745665489323 0.8098 21
1745665489911 1.0431 22
1745665490569 1.0255 23
1745665491158 0.9842 24
1745665491744 1.0465 25
1745665492335 1.0564 26
1745665492998 1.0768 27
1745665493647 0.9945 28
1745665494124 0.8898 29
1745665494769 0.8643 30
