1745670581260 0.07692307692307693 1
1745670581822 0.15384615384615385 2
1745670582507 0.23076923076923078 3
1745670583073 0.3076923076923077 4
1745670583659 0.38461538461538464 5
1745670584389 0.46153846153846156 6
1745670585053 0.5384615384615384 7
1745670585671 0.6153846153846154 8
1745670586249 0.6923076923076923 9
1745670586727 0.7692307692307693 10
1745670667651 0.7692307692307693 10
1745670668226 0.8461538461538461 11
1745670668851 0.9230769230769231 12
1745670669794 1.0 13
1745670677535 1.0769230769230769 14
1745670678105 1.1538461538461537 15
1745670678838 1.2307692307692308 16
1745670679394 1.3076923076923077 17
1745670679871 1.3846153846153846 18
1745670680495 1.4615384615384617 19
1745670681072 1.5384615384615383 20
1745670729634 1.5384615384615383 20
1745670730245 1.6153846153846154 21
1745670730697 1.6923076923076923 22
1745670731358 1.7692307692307692 23
1745670731993 1.8461538461538463 24
1745670732594 1.9230769230769231 25
1745670733730 2.0 26
