1745670581260 14.66236400604248 1
1745670581822 16.647485733032227 2
1745670582507 3.0110819339752197 3
1745670583073 2.0557663440704346 4
1745670583659 3.1571199893951416 5
1745670584389 2.5808703899383545 6
1745670585053 3.717911720275879 7
1745670585671 2.34607195854187 8
1745670586249 1.7509264945983887 9
1745670586727 2.651824951171875 10
1745670668226 1.3774007558822632 11
1745670668851 1.4077365398406982 12
1745670669794 1.3465293645858765 13
1745670677535 1.2825698852539062 14
1745670678105 0.9383363127708435 15
1745670678838 1.0636249780654907 16
1745670679394 1.2417258024215698 17
1745670679871 1.5575686693191528 18
1745670680495 1.135308861732483 19
1745670681072 1.2675436735153198 20
1745670730245 1.3613332509994507 21
1745670730697 1.7729840278625488 22
1745670731358 1.946073293685913 23
1745670731993 3.5457141399383545 24
1745670732594 1.7694997787475586 25
1745670733730 1.1360851526260376 26
