1745670581260 0.0 1
1745670581822 5e-05 2
1745670582507 0.0001 3
1745670583073 9.957224306869053e-05 4
1745670583659 9.829629131445342e-05 5
1745670584389 9.619397662556435e-05 6
1745670585053 9.330127018922194e-05 7
1745670585671 8.966766701456177e-05 8
1745670586249 8.535533905932738e-05 9
1745670586727 8.043807145043604e-05 10
1745670668226 7.500000000000001e-05 11
1745670668851 6.91341716182545e-05 12
1745670669794 6.294095225512603e-05 13
1745670677535 5.6526309611002594e-05 14
1745670678105 5e-05 15
1745670678838 4.347369038899744e-05 16
1745670679394 3.705904774487396e-05 17
1745670679871 3.086582838174551e-05 18
1745670680495 2.500000000000001e-05 19
1745670681072 1.9561928549563968e-05 20
1745670730245 1.4644660940672627e-05 21
1745670730697 1.0332332985438248e-05 22
1745670731358 6.698729810778065e-06 23
1745670731993 3.8060233744356633e-06 24
1745670732594 1.70370868554659e-06 25
1745670733730 4.277569313094809e-07 26
