1745670581260 2.213 1
1745670581822 2.2219 2
1745670582507 1.1671 3
1745670583073 1.0446 4
1745670583659 0.9219 5
1745670584389 0.9087 6
1745670585053 1.4896 7
1745670585671 1.1652 8
1745670586249 0.7568 9
1745670586727 0.8522 10
1745670668226 1.0084 11
1745670668851 0.9506 12
1745670669794 0.5675 13
1745670677535 0.5211 14
1745670678105 0.5523 15
1745670678838 0.3175 16
1745670679394 0.4645 17
1745670679871 0.5979 18
1745670680495 0.3941 19
1745670681072 0.4439 20
1745670730245 0.5938 21
1745670730697 0.4455 22
1745670731358 0.4572 23
1745670731993 0.5765 24
1745670732594 0.3394 25
1745670733730 0.1667 26
