1744630604750 0.008 1
1744630605126 0.016 2
1744630605494 0.024 3
1744630605868 0.032 4
1744630606236 0.04 5
1744630606638 0.048 6
1744630607008 0.056 7
1744630607381 0.064 8
1744630607751 0.072 9
1744630608115 0.08 10
1744630608482 0.088 11
1744630608847 0.096 12
1744630609211 0.104 13
1744630609576 0.112 14
1744630609949 0.12 15
1744630610313 0.128 16
1744630610678 0.136 17
1744630611047 0.144 18
1744630611434 0.152 19
1744630611800 0.16 20
1744630612164 0.168 21
1744630612528 0.176 22
1744630612895 0.184 23
1744630613266 0.192 24
1744630613642 0.2 25
1744630614009 0.208 26
1744630614377 0.216 27
1744630614745 0.224 28
1744630615110 0.232 29
1744630615480 0.24 30
1744630615847 0.248 31
1744630616218 0.256 32
1744630616587 0.264 33
1744630616952 0.272 34
1744630617317 0.28 35
1744630617684 0.288 36
1744630618051 0.296 37
1744630618419 0.304 38
