1744630604750 118.90257263183594 1
1744630605126 125.08814239501953 2
1744630605494 105.6403579711914 3
1744630605868 40.08514404296875 4
1744630606236 27.417463302612305 5
1744630606638 18.651769638061523 6
1744630607008 11.432948112487793 7
1744630607381 6.393701076507568 8
1744630607751 9.63244342803955 9
1744630608115 10.653672218322754 10
1744630608482 6.918875694274902 11
1744630608847 11.972814559936523 12
1744630609211 9.313899993896484 13
1744630609576 5.502021789550781 14
1744630609949 3.3720788955688477 15
1744630610313 3.205118417739868 16
1744630610678 6.504743576049805 17
1744630611047 4.58607292175293 18
1744630611434 2.026737689971924 19
1744630611800 3.474472999572754 20
1744630612164 6.5807414054870605 21
1744630612528 4.70446252822876 22
1744630612895 5.945187091827393 23
1744630613266 5.668817520141602 24
1744630613642 5.160873889923096 25
1744630614009 3.3741400241851807 26
1744630614377 2.7838757038116455 27
1744630614745 5.669849395751953 28
1744630615110 2.816149950027466 29
1744630615480 2.46455979347229 30
1744630615847 3.5123133659362793 31
1744630616218 3.7122855186462402 32
1744630616587 2.1270055770874023 33
1744630616952 1.953100323677063 34
1744630617317 2.332818031311035 35
1744630617684 3.660423755645752 36
1744630618051 3.5938150882720947 37
1744630618419 5.111833572387695 38
