1744630604750 0.0 1
1744630605126 7.692307692307694e-06 2
1744630605494 1.5384615384615387e-05 3
1744630605868 2.307692307692308e-05 4
1744630606236 3.0769230769230774e-05 5
1744630606638 3.846153846153846e-05 6
1744630607008 4.615384615384616e-05 7
1744630607381 5.384615384615385e-05 8
1744630607751 6.153846153846155e-05 9
1744630608115 6.923076923076924e-05 10
1744630608482 7.692307692307693e-05 11
1744630608847 8.461538461538461e-05 12
1744630609211 9.230769230769232e-05 13
1744630609576 0.0001 14
1744630609949 9.999560724782174e-05 15
1744630610313 9.998242976313776e-05 16
1744630610678 9.996046986136509e-05 17
1744630611047 9.992973140107997e-05 18
1744630611434 9.989021978333995e-05 19
1744630611800 9.98419419507348e-05 20
1744630612164 9.97849063861667e-05 21
1744630612528 9.971912311135967e-05 22
1744630612895 9.964460368509867e-05 23
1744630613266 9.956136120119858e-05 24
1744630613642 9.94694102862035e-05 25
1744630614009 9.936876709681668e-05 26
1744630614377 9.925944931706173e-05 27
1744630614745 9.914147615517526e-05 28
1744630615110 9.901486834023182e-05 29
1744630615480 9.887964811850159e-05 30
1744630615847 9.873583924954152e-05 31
1744630616218 9.85834670020205e-05 32
1744630616587 9.842255814927944e-05 33
1744630616952 9.825314096462685e-05 34
1744630617317 9.807524521637102e-05 35
1744630617684 9.788890216258939e-05 36
1744630618051 9.769414454563615e-05 37
1744630618419 9.749100658638914e-05 38
