1744630604750 5.8196 1
1744630605126 7.2973 2
1744630605494 5.816 3
1744630605868 3.0762 4
1744630606236 2.597 5
1744630606638 2.6031 6
1744630607008 1.7364 7
1744630607381 1.7192 8
1744630607751 2.0118 9
1744630608115 1.8359 10
1744630608482 1.6705 11
1744630608847 2.1461 12
1744630609211 1.4711 13
1744630609576 1.3868 14
1744630609949 1.6778 15
1744630610313 1.8839 16
1744630610678 1.779 17
1744630611047 1.3809 18
1744630611434 1.4048 19
1744630611800 1.5377 20
1744630612164 1.6963 21
1744630612528 1.6272 22
1744630612895 1.4825 23
1744630613266 1.8408 24
1744630613642 1.588 25
1744630614009 1.7592 26
1744630614377 1.7491 27
1744630614745 1.6696 28
1744630615110 1.3904 29
1744630615480 1.5485 30
1744630615847 1.0598 31
1744630616218 1.7918 32
1744630616587 1.5266 33
1744630616952 1.2507 34
1744630617317 1.6818 35
1744630617684 1.5191 36
1744630618051 1.8064 37
1744630618419 1.2412 38
