1745819707298 0.02 1
1745819707722 0.04 2
1745819708394 0.06 3
1745819708873 0.08 4
1745819709455 0.1 5
1745819710044 0.12 6
1745819710498 0.14 7
1745819710910 0.16 8
1745819711470 0.18 9
1745819712095 0.2 10
1745819733461 0.2 10
1745819800148 0.2 10
1745819800794 0.22 11
1745819801452 0.24 12
1745819801904 0.26 13
1745819802575 0.28 14
1745819803055 0.3 15
1745819803611 0.32 16
1745819804160 0.34 17
1745819804683 0.36 18
1745819805101 0.38 19
1745819805507 0.4 20
1745819835993 0.4 20
1745819911322 0.4 20
1745819911957 0.42 21
1745819912452 0.44 22
1745819912872 0.46 23
1745819913323 0.48 24
1745819913743 0.5 25
1745819914270 0.52 26
1745819914863 0.54 27
1745819915447 0.56 28
1745819915898 0.58 29
1745819916446 0.6 30
1745819933163 0.6 30
1745819995386 0.6 30
1745819995849 0.62 31
1745819996427 0.64 32
1745819997009 0.66 33
1745819997420 0.68 34
1745819997895 0.7 35
1745819998352 0.72 36
1745819998804 0.74 37
1745819999432 0.76 38
1745819999990 0.78 39
1745820000385 0.8 40
