1745819707298 14.772562026977539 1
1745819707722 30.4146671295166 2
1745819708394 4.363609790802002 3
1745819708873 4.991763591766357 4
1745819709455 5.878782749176025 5
1745819710044 2.6407501697540283 6
1745819710498 2.992640256881714 7
1745819710910 4.9872822761535645 8
1745819711470 2.200700521469116 9
1745819712095 4.586387634277344 10
1745819800794 1.9820446968078613 11
1745819801452 3.487135410308838 12
1745819801904 2.6681628227233887 13
1745819802575 1.962660789489746 14
1745819803055 2.104961633682251 15
1745819803611 1.4809876680374146 16
1745819804160 2.1416399478912354 17
1745819804683 2.0039474964141846 18
1745819805101 2.4175243377685547 19
1745819805507 2.8852896690368652 20
1745819911957 2.219912052154541 21
1745819912452 1.853995442390442 22
1745819912872 3.2770209312438965 23
1745819913323 3.2388782501220703 24
1745819913743 3.1653409004211426 25
1745819914270 1.9351942539215088 26
1745819914863 2.185105323791504 27
1745819915447 1.4793920516967773 28
1745819915898 2.088074207305908 29
1745819916446 2.3171002864837646 30
1745819995849 1.85755455493927 31
1745819996427 3.0303144454956055 32
1745819997009 1.4924445152282715 33
1745819997420 2.2519922256469727 34
1745819997895 1.9244887828826904 35
1745819998352 1.7171502113342285 36
1745819998804 2.0332133769989014 37
1745819999432 1.9203788042068481 38
1745819999990 1.6832466125488281 39
1745820000385 5.548478126525879 40
