1745819707298 0.0 1
1745819707722 2e-05 2
1745819708394 4e-05 3
1745819708873 6e-05 4
1745819709455 8e-05 5
1745819710044 0.0001 6
1745819710498 9.997266286704631e-05 7
1745819710910 9.989068136093873e-05 8
1745819711470 9.975414512725057e-05 9
1745819712095 9.956320346634876e-05 10
1745819800794 9.931806517013612e-05 11
1745819801452 9.901899829374047e-05 12
1745819801904 9.86663298624003e-05 13
1745819802575 9.826044551386744e-05 14
1745819803055 9.780178907671789e-05 15
1745819803611 9.729086208503174e-05 16
1745819804160 9.672822322997305e-05 17
1745819804683 9.611448774886924e-05 18
1745819805101 9.545032675245813e-05 19
1745819805507 9.473646649103818e-05 20
1745819911957 9.397368756032445e-05 21
1745819912452 9.316282404787871e-05 22
1745819912872 9.230476262104677e-05 23
1745819913323 9.140044155740101e-05 24
1745819913743 9.045084971874738e-05 25
1745819914270 8.945702546981969e-05 26
1745819914863 8.842005554284296e-05 27
1745819915447 8.73410738492077e-05 28
1745819915898 8.622126023955446e-05 29
1745819916446 8.506183921362443e-05 30
1745819995849 8.386407858128706e-05 31
1745819996427 8.262928807620843e-05 32
1745819997009 8.135881792367686e-05 33
1745819997420 8.005405736415126e-05 34
1745819997895 7.871643313414718e-05 35
1745819998352 7.734740790612136e-05 36
1745819998804 7.594847868906076e-05 37
1745819999432 7.452117519152542e-05 38
1745819999990 7.30670581489344e-05 39
1745820000385 7.158771761692464e-05 40
