1745819707298 1.9662 1
1745819707722 3.1497 2
1745819708394 1.2372 3
1745819708873 1.678 4
1745819709455 1.1774 5
1745819710044 1.0421 6
1745819710498 0.8938 7
1745819710910 0.8496 8
1745819711470 1.1421 9
1745819712095 1.0089 10
1745819800794 1.0613 11
1745819801452 1.183 12
1745819801904 1.0851 13
1745819802575 0.8263 14
1745819803055 0.6503 15
1745819803611 1.1505 16
1745819804160 0.6993 17
1745819804683 1.3254 18
1745819805101 0.7508 19
1745819805507 0.6487 20
1745819911957 1.0727 21
1745819912452 1.0553 22
1745819912872 0.8704 23
1745819913323 1.1759 24
1745819913743 1.3738 25
1745819914270 0.8044 26
1745819914863 0.7661 27
1745819915447 1.0649 28
1745819915898 0.9115 29
1745819916446 1.0868 30
1745819995849 1.102 31
1745819996427 0.5755 32
1745819997009 0.7449 33
1745819997420 0.9169 34
1745819997895 1.1295 35
1745819998352 1.0015 36
1745819998804 1.1861 37
1745819999432 0.9942 38
1745819999990 1.0211 39
1745820000385 1.0669 40
