1741168404403 -2.5545997619628906 1
1741168408211 -2.851449489593506 2
1741168411440 -1.9048867225646973 3
1741168414827 -2.301318407058716 4
1741168417694 -2.272057056427002 5
1741168422274 -2.5190768241882324 6
1741168424450 -2.540327548980713 7
1741168428610 -2.494389057159424 8
1741168432006 -1.7947144508361816 9
1741168434391 -2.289060115814209 10
1741168437347 -1.9871631860733032 11
1741168439389 -2.4537625312805176 12
1741168441805 -1.9937281608581543 13
1741168444888 -2.0583302974700928 14
1741168447355 -2.1731226444244385 15
1741168449985 -1.6301816701889038 16
1741168452502 -1.8472028970718384 17
1741168455634 -2.0470118522644043 18
1741168458951 -2.020883560180664 19
1741168461923 -1.5413620471954346 20
1741168464134 -1.4662420749664307 21
1741168467190 -1.387681245803833 22
1741168468957 -1.790886402130127 23
1741168471681 -2.0150632858276367 24
1741168474098 -1.3324434757232666 25
1741168476604 -1.6520781517028809 26
1741168478742 -1.4105589389801025 27
1741168481843 -1.4028615951538086 28
1741168485668 -1.3528335094451904 29
1741168488609 -1.2120649814605713 30
1741168491310 -1.2439171075820923 31
1741168494522 -1.1596112251281738 32
1741168497674 -1.2605702877044678 33
1741168500066 -1.2567265033721924 34
1741168503942 -1.0402259826660156 35
1741168505750 -1.0029895305633545 36
1741168508460 -1.1381769180297852 37
1741168510308 -0.891834557056427 38
1741168514149 -1.0031921863555908 39
1741168516776 -1.1648598909378052 40
1741168520210 -0.8937872648239136 41
1741168522395 -1.0145289897918701 42
1741168524825 -0.7372849583625793 43
1741168527664 -0.7269129753112793 44
1741168530066 -1.0268399715423584 45
1741168532804 -0.8129156827926636 46
1741168535302 -0.5430460572242737 47
1741168537768 -0.6043562293052673 48
1741168539927 -0.8763688206672668 49
1741168542171 -0.792363166809082 50
1741168544946 -0.7727196216583252 51
1741168547816 -0.7964856624603271 52
1741168550818 -0.5712389349937439 53
1741168553379 -0.2520679533481598 54
1741168555573 -0.6533372402191162 55
1741168558850 -0.6616069674491882 56
1741168561937 -0.5285232067108154 57
1741168563958 -0.5945615768432617 58
1741168565823 -0.0971321389079094 59
1741168568140 -0.7240248322486877 60
1741168570931 -0.4976682960987091 61
1741168573351 -0.36092084646224976 62
1741168576006 -0.1377500593662262 63
1741168578849 -0.4644988775253296 64
1741168581220 -0.4181206226348877 65
1741168584202 -0.2853323519229889 66
1741168588442 -0.35806581377983093 67
1741168590803 -0.20877613127231598 68
1741168593565 -0.4740871787071228 69
1741168595367 -0.04853270202875137 70
1741168597869 -0.2704818546772003 71
1741168602290 -0.415475457906723 72
1741168604725 -0.14909261465072632 73
1741168607571 -0.01679440587759018 74
1741168610071 -0.07691635191440582 75
1741168613715 -0.28383609652519226 76
1741168616820 -0.03331328555941582 77
1741168619660 -0.20959720015525818 78
1741168622224 -0.020669829100370407 79
1741168625628 -0.1280013620853424 80
1741168629490 -0.04288233816623688 81
1741168631466 -0.09579616039991379 82
1741168634238 -0.1433345526456833 83
1741168636737 -0.14411145448684692 84
1741168639965 -0.0058129169046878815 85
1741168642210 -0.15956348180770874 86
1741168644808 -0.009515474550426006 87
1741168648405 -0.003164531895890832 88
1741168650974 -0.0028055335860699415 89
1741168653448 -0.12290089577436447 90
1741168656240 -0.08723229914903641 91
1741168658539 -0.003084622323513031 92
1741168661028 -0.11389376223087311 93
1741168664349 -0.002601050306111574 94
1741168666673 -0.0015689998399466276 95
1741168670519 -0.0009181287023238838 96
1741168672779 -0.08624131232500076 97
1741168675846 -0.003183628898113966 98
1741168678367 -0.054390907287597656 99
1741168680901 -0.001309333834797144 100
1741168735012 -0.0009274738258682191 101
1741168737521 -0.059907328337430954 102
1741168739874 -0.0008292174316011369 103
1741168743289 -0.03692815080285072 104
1741168746086 -0.0014589319471269846 105
1741168748405 -0.04235919937491417 106
1741168750459 -0.000531376339495182 107
1741168753082 -0.023091835901141167 108
1741168755482 -0.0012223561061546206 109
1741168757347 -0.0007802739273756742 110
1741168761579 -0.0001755023840814829 111
1741168764626 -0.015278786420822144 112
1741168766873 -0.0008059714455157518 113
1741168769732 -0.018352264538407326 114
1741168772147 -0.00042966933688148856 115
1741168774578 -0.0007819333113729954 116
1741168777319 -0.00046502778423018754 117
1741168779372 -0.00907999835908413 118
1741168782623 -0.0006207902915775776 119
1741168784432 -0.00968131422996521 120
1741168788001 -0.00037592154694721103 121
1741168791565 -0.0003946658980567008 122
1741168794612 -0.00752162653952837 123
1741168797474 -0.006056278944015503 124
1741168799371 -0.00043828319758176804 125
1741168801767 -0.0004979039658792317 126
1741168803522 -0.0003578856121748686 127
1741168806643 -0.0044211577624082565 128
1741168810459 -0.0005875229835510254 129
1741168813355 -0.0041962587274611 130
1741168818194 -0.0038388294633477926 131
1741168822352 -0.0007814245764166117 132
1741168824988 -0.00045818276703357697 133
1741168827625 -0.00021626079978886992 134
1741168830727 -0.0048389374278485775 135
1741168834897 -0.0002985277387779206 136
1741168837639 -0.0006315325736068189 137
1741168839372 -0.002257971093058586 138
1741168842386 -0.0020457070786505938 139
1741168846965 -0.0003580783377401531 140
1741168850451 -0.0020594927482306957 141
1741168853046 -0.00021698881755582988 142
1741168855314 -0.00030376677750609815 143
1741168858630 -0.0003947575460188091 144
1741168861509 -0.001734982361085713 145
1741168864986 -0.0011736131273210049 146
1741168867083 -0.0003226867411285639 147
1741168869809 -0.0004549431032501161 148
1741168873211 -0.0005814710166305304 149
1741168875611 -0.0012717582285404205 150
1741168879862 -0.002011118456721306 151
1741168883208 -0.0003225558903068304 152
1741168886755 -0.00035305542405694723 153
1741168889882 -0.0002449599851388484 154
1741168894731 -0.0005142504232935607 155
1741168898709 -0.0010411468101665378 156
1741168901287 -0.0007654083892703056 157
1741168903482 -0.00016378417785745114 158
1741168906313 -0.0009336082730442286 159
1741168908945 -0.0002021580294240266 160
1741168912735 -0.0003011095686815679 161
1741168915171 -0.0008174814283847809 162
1741168917396 -0.00026791990967467427 163
1741168919799 -0.0005716241430491209 164
1741168922461 -0.0009020458091981709 165
1741168926658 -0.000712654844392091 166
1741168929000 -0.0009942430770024657 167
1741168931949 -0.0004436442977748811 168
1741168934394 -0.00025342334993183613 169
1741168936211 -0.0002983901067636907 170
1741168938964 -0.0007921278011053801 171
1741168941000 -0.00017887768626678735 172
1741168945319 -0.0008576011750847101 173
1741168947561 -0.00045998324640095234 174
1741168950520 -0.0004973221221007407 175
1741168952752 -0.00030709090060554445 176
1741168955561 -0.0011889201123267412 177
1741168957962 -0.0003862944431602955 178
1741168960948 -0.0003429791540838778 179
1741168963842 -0.0003485103661660105 180
1741168966601 -0.000804886978585273 181
1741168970353 -0.0003192307776771486 182
1741168973100 -0.000676903931889683 183
1741168975916 -0.00035152467899024487 184
1741168978764 -0.00033691691351123154 185
1741168982199 -0.0005984788294881582 186
1741168984542 -0.0006670476286672056 187
1741168986906 -0.00043219374492764473 188
1741168989257 -0.00036910263588652015 189
1741168992569 -0.0003867929626721889 190
1741168994359 -0.000377755262888968 191
1741168998107 -0.0007667097961530089 192
1741169001308 -0.000595844816416502 193
1741169003901 -0.0001916068431455642 194
1741169006575 -0.000567188486456871 195
1741169010437 -0.001071134814992547 196
1741169012872 -0.00035857263719663024 197
1741169015576 -0.0004618009552359581 198
1741169017814 -0.00024165946524590254 199
1741169020257 -0.00016795114788692445 200
1741169073275 -0.0005944945150986314 201
1741169075654 -0.000811836333014071 202
1741169078291 -0.00032329908572137356 203
1741169080632 -0.0002081312268273905 204
1741169084020 -0.00028951247804798186 205
1741169086352 -0.0007210352923721075 206
1741169088834 -0.0003875090624205768 207
1741169091098 -0.0004925160901620984 208
1741169095015 -0.0003074138076044619 209
1741169097897 -0.00029338215244933963 210
1741169100303 -0.00043193064630031586 211
1741169102804 -0.000587268965318799 212
1741169105236 -0.00023727124789729714 213
1741169108351 -0.0008009897428564727 214
1741169111031 -0.00016741041326895356 215
1741169113455 -0.00021732813911512494 216
1741169116034 -0.0002157511917175725 217
1741169119218 -0.0006848064949735999 218
1741169122618 -0.000783416791819036 219
1741169125754 -0.0003831431386061013 220
1741169128452 -0.0006958356243558228 221
1741169131204 -0.0005088575417175889 222
1741169134225 -0.00025866160285659134 223
1741169136387 -0.00025820155860856175 224
1741169138772 -0.00041076220804825425 225
1741169141202 -0.00043848343193531036 226
1741169144184 -0.00015760096721351147 227
1741169147068 -0.00018797119264490902 228
1741169149588 -0.00042264341027475893 229
1741169152751 -0.0010403050109744072 230
1741169155323 -0.00015120262105483562 231
1741169159423 -0.00023113600036595017 232
1741169163211 -0.0010184854036197066 233
1741169165666 -0.0004950966103933752 234
1741169169132 -0.00027371160103939474 235
1741169172212 -0.0004697466501966119 236
1741169175123 -0.0006365421577356756 237
1741169178269 -0.00039769397699274123 238
1741169181532 -0.0003106342046521604 239
1741169185122 -0.0003433549136389047 240
1741169187428 -0.0006762217963114381 241
1741169190908 -0.00010759534779936075 242
1741169193372 -0.0002990812063217163 243
1741169195813 -0.000644989893771708 244
1741169198809 -0.0005358196212910116 245
1741169202084 -0.00024732391466386616 246
1741169204474 -0.0003245093976147473 247
1741169208153 -0.0009402076248079538 248
1741169210678 -0.0003921501920558512 249
1741169213352 -0.0002491725899744779 250
