1741168404403 -0.6629244089126587 1
1741168408211 -1.5483131408691406 2
1741168411440 -0.77750164270401 3
1741168414827 -1.1522974967956543 4
1741168417694 -0.5883914828300476 5
1741168422274 -1.4190677404403687 6
1741168424450 -0.9162182211875916 7
1741168428610 -1.1172404289245605 8
1741168432006 -0.5710501670837402 9
1741168434391 -0.6189929246902466 10
1741168437347 -0.8595613837242126 11
1741168439389 -0.9584952592849731 12
1741168441805 -0.5813940763473511 13
1741168444888 -1.2479772567749023 14
1741168447355 -0.9723398685455322 15
1741168449985 -0.8091889023780823 16
1741168452502 -1.0352826118469238 17
1741168455634 -0.9402333498001099 18
1741168458951 -0.878496527671814 19
1741168461923 -0.6785262227058411 20
1741168464134 -0.5455113649368286 21
1741168467190 -0.9316776394844055 22
1741168468957 -1.273857831954956 23
1741168471681 -0.8980878591537476 24
1741168474098 -0.4321024417877197 25
1741168476604 -1.2073007822036743 26
1741168478742 -0.8072133660316467 27
1741168481843 -0.745546817779541 28
1741168485668 -0.6771539449691772 29
1741168488609 -0.9074586629867554 30
1741168491310 -0.9225916266441345 31
1741168494522 -0.4787294268608093 32
1741168497674 -0.8817364573478699 33
1741168500066 -0.7147297263145447 34
1741168503942 -0.6894957423210144 35
1741168505750 -0.7364585399627686 36
1741168508460 -1.161637783050537 37
1741168510308 -0.7999186515808105 38
1741168514149 -0.5290305614471436 39
1741168516776 -0.44989657402038574 40
1741168520210 -1.0450739860534668 41
1741168522395 -0.6315761804580688 42
1741168524825 -0.936850368976593 43
1741168527664 -0.6671698093414307 44
1741168530066 -0.8439164161682129 45
1741168532804 -0.45214223861694336 46
1741168535302 -0.9990830421447754 47
1741168537768 -1.027414083480835 48
1741168539927 -1.0528061389923096 49
1741168542171 -0.5965390205383301 50
1741168544946 -0.6861845254898071 51
1741168547816 -0.6137650012969971 52
1741168550818 -1.1193581819534302 53
1741168553379 -1.4237841367721558 54
1741168555573 -0.645595908164978 55
1741168558850 -0.9337372779846191 56
1741168561937 -0.6306380033493042 57
1741168563958 -0.9180234670639038 58
1741168565823 -1.786818265914917 59
1741168568140 -0.7873377799987793 60
1741168570931 -1.2078362703323364 61
1741168573351 -1.1610790491104126 62
1741168576006 -0.9804767370223999 63
1741168578849 -1.3726701736450195 64
1741168581220 -0.7640568017959595 65
1741168584202 -1.6543850898742676 66
1741168588442 -0.7459166049957275 67
1741168590803 -1.2865065336227417 68
1741168593565 -0.8298278450965881 69
1741168595367 -1.670353651046753 70
1741168597869 -1.1471164226531982 71
1741168602290 -1.2018370628356934 72
1741168604725 -1.727666974067688 73
1741168607571 -1.197854995727539 74
1741168610071 -1.2966012954711914 75
1741168613715 -1.5478558540344238 76
1741168616820 -1.3126060962677002 77
1741168619660 -1.220815658569336 78
1741168622224 -1.3714663982391357 79
1741168625628 -1.3526298999786377 80
1741168629490 -1.9761788845062256 81
1741168631466 -1.3198027610778809 82
1741168634238 -1.1711376905441284 83
1741168636737 -1.281128168106079 84
1741168639965 -2.468096971511841 85
1741168642210 -1.380018711090088 86
1741168644808 -1.6317672729492188 87
1741168648405 -2.265868902206421 88
1741168650974 -1.5430881977081299 89
1741168653448 -1.5528486967086792 90
1741168656240 -2.5284664630889893 91
1741168658539 -1.5342644453048706 92
1741168661028 -1.381961464881897 93
1741168664349 -1.4109840393066406 94
1741168666673 -1.7034294605255127 95
1741168670519 -1.6152945756912231 96
1741168672779 -1.5846011638641357 97
1741168675846 -1.7509911060333252 98
1741168678367 -2.2423465251922607 99
1741168680901 -1.994292974472046 100
1741168735012 -1.5698621273040771 101
1741168737521 -2.272749185562134 102
1741168739874 -2.0802512168884277 103
1741168743289 -1.2911241054534912 104
1741168746086 -2.0557937622070312 105
1741168748405 -1.9415740966796875 106
1741168750459 -2.7797656059265137 107
1741168753082 -1.8810991048812866 108
1741168755482 -1.2833715677261353 109
1741168757347 -1.7277021408081055 110
1741168761579 -2.9810168743133545 111
1741168764626 -1.2569490671157837 112
1741168766873 -2.143322706222534 113
1741168769732 -1.5175446271896362 114
1741168772147 -1.9827511310577393 115
1741168774578 -2.014749526977539 116
1741168777319 -1.89722740650177 117
1741168779372 -1.5962319374084473 118
1741168782623 -2.501086473464966 119
1741168784432 -1.880509614944458 120
1741168788001 -3.0017647743225098 121
1741168791565 -2.0824668407440186 122
1741168794612 -1.4500327110290527 123
1741168797474 -1.5030217170715332 124
1741168799371 -2.3428397178649902 125
1741168801767 -1.9919053316116333 126
1741168803522 -2.294734477996826 127
1741168806643 -2.2998158931732178 128
1741168810459 -1.5602548122406006 129
1741168813355 -2.179206609725952 130
1741168818194 -1.680494785308838 131
1741168822352 -1.5679590702056885 132
1741168824988 -1.6083487272262573 133
1741168827625 -2.8392527103424072 134
1741168830727 -2.3232271671295166 135
1741168834897 -2.955533742904663 136
1741168837639 -1.8441426753997803 137
1741168839372 -1.892457365989685 138
1741168842386 -1.5841560363769531 139
1741168846965 -1.8735682964324951 140
1741168850451 -1.4995298385620117 141
1741168853046 -1.818548321723938 142
1741168855314 -2.424325942993164 143
1741168858630 -2.85831880569458 144
1741168861509 -1.6673777103424072 145
1741168864986 -1.5946905612945557 146
1741168867083 -2.641890048980713 147
1741168869809 -2.2105929851531982 148
1741168873211 -1.931157112121582 149
1741168875611 -1.8467448949813843 150
1741168879862 -1.3460074663162231 151
1741168883208 -2.1937549114227295 152
1741168886755 -2.916816234588623 153
1741168889882 -2.1348202228546143 154
1741168894731 -1.725167989730835 155
1741168898709 -1.546724796295166 156
1741168901287 -1.4638805389404297 157
1741168903482 -3.54305362701416 158
1741168906313 -1.6723055839538574 159
1741168908945 -2.1226277351379395 160
1741168912735 -2.976961851119995 161
1741168915171 -1.6226989030838013 162
1741168917396 -2.2482516765594482 163
1741168919799 -1.686076283454895 164
1741168922461 -2.1290807723999023 165
1741168926658 -1.929900884628296 166
1741168929000 -1.6115303039550781 167
1741168931949 -2.7228927612304688 168
1741168934394 -2.1463406085968018 169
1741168936211 -2.4925317764282227 170
1741168938964 -1.4300661087036133 171
1741168941000 -2.497559070587158 172
1741168945319 -2.414080858230591 173
1741168947561 -1.9418178796768188 174
1741168950520 -2.0420033931732178 175
1741168952752 -2.414069890975952 176
1741168955561 -2.3863742351531982 177
1741168957962 -1.7966208457946777 178
1741168960948 -1.9972898960113525 179
1741168963842 -1.8530136346817017 180
1741168966601 -1.9793394804000854 181
1741168970353 -2.012810468673706 182
1741168973100 -1.8983526229858398 183
1741168975916 -1.9778367280960083 184
1741168978764 -2.858292579650879 185
1741168982199 -2.4098963737487793 186
1741168984542 -2.5712502002716064 187
1741168986906 -2.0532877445220947 188
1741168989257 -1.7364284992218018 189
1741168992569 -1.718550443649292 190
1741168994359 -2.161991596221924 191
1741168998107 -1.8125884532928467 192
1741169001308 -1.340086579322815 193
1741169003901 -3.262319803237915 194
1741169006575 -1.791445016860962 195
1741169010437 -1.831799030303955 196
1741169012872 -2.1802499294281006 197
1741169015576 -1.7592337131500244 198
1741169017814 -2.184021234512329 199
1741169020257 -2.779120922088623 200
1741169073275 -1.6939650774002075 201
1741169075654 -1.8346242904663086 202
1741169078291 -2.0388355255126953 203
1741169080632 -3.114389657974243 204
1741169084020 -1.7301445007324219 205
1741169086352 -2.114023208618164 206
1741169088834 -1.4282176494598389 207
1741169091098 -2.1136727333068848 208
1741169095015 -2.871392250061035 209
1741169097897 -2.357492446899414 210
1741169100303 -1.60154390335083 211
1741169102804 -1.6032770872116089 212
1741169105236 -2.7690346240997314 213
1741169108351 -1.7378880977630615 214
1741169111031 -2.9402403831481934 215
1741169113455 -3.3489866256713867 216
1741169116034 -1.743630051612854 217
1741169119218 -1.649680256843567 218
1741169122618 -1.7710734605789185 219
1741169125754 -2.007031202316284 220
1741169128452 -2.756547451019287 221
1741169131204 -1.8051409721374512 222
1741169134225 -2.0117108821868896 223
1741169136387 -2.4325661659240723 224
1741169138772 -2.4377472400665283 225
1741169141202 -1.6294176578521729 226
1741169144184 -2.4893546104431152 227
1741169147068 -2.6767654418945312 228
1741169149588 -2.035878896713257 229
1741169152751 -1.664664626121521 230
1741169155323 -1.6872100830078125 231
1741169159423 -3.240891456604004 232
1741169163211 -1.8360176086425781 233
1741169165666 -1.5514044761657715 234
1741169169132 -2.1310582160949707 235
1741169172212 -2.116339921951294 236
1741169175123 -2.1684446334838867 237
1741169178269 -1.6875061988830566 238
1741169181532 -2.820253610610962 239
1741169185122 -1.6509672403335571 240
1741169187428 -1.728011965751648 241
1741169190908 -2.9455013275146484 242
1741169193372 -2.253446340560913 243
1741169195813 -1.9802402257919312 244
1741169198809 -1.6005921363830566 245
1741169202084 -2.046941041946411 246
1741169204474 -2.2297420501708984 247
1741169208153 -2.574558973312378 248
1741169210678 -1.9063632488250732 249
1741169213352 -1.6890424489974976 250
