1744632894318 5.654509471303364e-05 1
1744632895350 0.00011309018942606728 2
1744632896383 0.00016963528413910093 3
1744632897411 0.00022618037885213457 4
1744632898440 0.0002827254735651682 5
1744632899470 0.00033927056827820186 6
1744632900498 0.0003958156629912355 7
1744632901528 0.00045236075770426913 8
1744632902555 0.0005089058524173028 9
1744632903582 0.0005654509471303364 10
1744632904611 0.0006219960418433701 11
1744632905640 0.0006785411365564037 12
1744632906668 0.0007350862312694373 13
1744632907696 0.000791631325982471 14
1744632908724 0.0008481764206955047 15
1744632909754 0.0009047215154085383 16
