1744632894318 6.400752544403076 1
1744632895350 6.729921340942383 2
1744632896383 6.93715238571167 3
1744632897411 6.09207010269165 4
1744632898440 6.787680625915527 5
1744632899470 5.593812942504883 6
1744632900498 6.507018089294434 7
1744632901528 7.0759782791137695 8
1744632902555 8.13726806640625 9
1744632903582 6.514991760253906 10
1744632904611 6.361527442932129 11
1744632905640 6.8980326652526855 12
1744632906668 6.229007720947266 13
1744632907696 6.002346038818359 14
1744632908724 6.358543395996094 15
1744632909754 5.605745792388916 16
