1744632894318 0.0 1
1744632895350 5.652911249293386e-08 2
1744632896383 1.1305822498586772e-07 3
1744632897411 1.695873374788016e-07 4
1744632898440 2.2611644997173544e-07 5
1744632899470 2.826455624646693e-07 6
1744632900498 3.391746749576032e-07 7
1744632901528 3.9570378745053704e-07 8
1744632902555 4.522328999434709e-07 9
1744632903582 5.087620124364048e-07 10
1744632904611 5.652911249293386e-07 11
1744632905640 6.218202374222726e-07 12
1744632906668 6.783493499152064e-07 13
1744632907696 7.348784624081402e-07 14
1744632908724 7.914075749010741e-07 15
1744632909754 8.479366873940079e-07 16
