1744635914276 0.0016722408026755853 2
1744635915029 0.0033444816053511705 4
1744635915777 0.005016722408026756 6
1744635916518 0.006688963210702341 8
1744635917264 0.008361204013377926 10
1744635918014 0.010033444816053512 12
1744635918764 0.011705685618729096 14
1744635919513 0.013377926421404682 16
1744635920262 0.015050167224080268 18
1744635921008 0.016722408026755852 20
1744635921753 0.01839464882943144 22
1744635922496 0.020066889632107024 24
1744635923244 0.021739130434782608 26
1744635923987 0.023411371237458192 28
