1741166510134 0.2 1
1741166514512 0.4 2
1741166516931 0.6 3
1741166519691 0.8 4
1741166522353 1.0 5
1741166525913 1.2 6
1741166528644 1.4 7
1741166531080 1.6 8
1741166533124 1.8 9
1741166535518 2.0 10
1741166538391 2.2 11
1741166540685 2.4 12
1741166544116 2.6 13
1741166548484 2.8 14
1741166550453 3.0 15
1741166553063 3.2 16
1741166555786 3.4 17
1741166558029 3.6 18
1741166560839 3.8 19
1741166562845 4.0 20
1741166565840 4.2 21
1741166569126 4.4 22
1741166570985 4.6 23
1741166573210 4.8 24
1741166576246 5.0 25
1741166579721 5.2 26
1741166582966 5.4 27
1741166585946 5.6 28
1741166589572 5.8 29
1741166592500 6.0 30
1741166595772 6.2 31
1741166598548 6.4 32
1741166601316 6.6 33
1741166603162 6.8 34
1741166606994 7.0 35
1741166608927 7.2 36
1741166612250 7.4 37
1741166614730 7.6 38
1741166618268 7.8 39
1741166621780 8.0 40
1741166625196 8.2 41
1741166629473 8.4 42
1741166632351 8.6 43
1741166635146 8.8 44
1741166638166 9.0 45
1741166640563 9.2 46
1741166643389 9.4 47
1741166646093 9.6 48
1741166647963 9.8 49
1741166650365 10.0 50
1741166652602 10.2 51
1741166655540 10.4 52
1741166659415 10.6 53
1741166662064 10.8 54
1741166665460 11.0 55
1741166669482 11.2 56
1741166672422 11.4 57
1741166675371 11.6 58
1741166679045 11.8 59
1741166681019 12.0 60
1741166683902 12.2 61
1741166687142 12.4 62
1741166689241 12.6 63
1741166691593 12.8 64
1741166694175 13.0 65
1741166696311 13.2 66
1741166698296 13.4 67
1741166701002 13.6 68
1741166704383 13.8 69
1741166706066 14.0 70
1741166709679 14.2 71
1741166712148 14.4 72
1741166714680 14.6 73
1741166717541 14.8 74
1741166720339 15.0 75
1741166723483 15.2 76
1741166726496 15.4 77
1741166730286 15.6 78
1741166733137 15.8 79
1741166735789 16.0 80
1741166739099 16.2 81
1741166741416 16.4 82
