1741166510134 2.2080342715832697 1
1741166514512 2.558079762979475 2
1741166516931 1.3580493425480558 3
1741166519691 2.312339689422502 4
1741166522353 1.877402187972837 5
1741166525913 2.5837362489100864 6
1741166528644 1.7326023843636145 7
1741166531080 4.157154090121763 8
1741166533124 1.3016375208012798 9
1741166535518 2.4322874577743563 10
1741166538391 2.0438525654829047 11
1741166540685 1.8529524374563626 12
1741166544116 1.999407800514862 13
1741166548484 2.737050302670329 14
1741166550453 3.0149429403612 15
1741166553063 1.6235899280044035 16
1741166555786 2.429329052231362 17
1741166558029 3.271013610621198 18
1741166560839 2.1326170264592057 19
1741166562845 1.4330214328838389 20
1741166565840 1.4750924496920603 21
1741166569126 1.87589809744934 22
1741166570985 2.6279029608479387 23
1741166573210 1.5155916452909948 24
1741166576246 0.9736796655387646 25
1741166579721 2.3533743361123545 26
1741166582966 1.3368519612357173 27
1741166585946 1.1988706323886686 28
1741166589572 1.5639321909338273 29
1741166592500 1.792820836864132 30
1741166595772 1.5218409011704725 31
1741166598548 0.9964325120636072 32
1741166601316 1.1044717764473606 33
1741166603162 1.5760992443001447 34
1741166606994 1.4136453445459314 35
1741166608927 1.3825533144549982 36
1741166612250 2.5037998881301853 37
1741166614730 1.094504892601779 38
1741166618268 1.0764176459279386 39
1741166621780 0.6607287555965666 40
1741166625196 1.2290806112001307 41
1741166629473 1.3759959952697658 42
1741166632351 1.6341366352833864 43
1741166635146 1.6793816247560889 44
1741166638166 1.2474330417985964 45
1741166640563 0.8860376253231933 46
1741166643389 1.1426482805645592 47
1741166646093 1.4596386101066572 48
1741166647963 1.4918917816060435 49
1741166650365 0.8761856021725994 50
1741166652602 0.7938676199776241 51
1741166655540 1.0354644418456636 52
1741166659415 0.8288085785390732 53
1741166662064 1.5137838185646686 54
1741166665460 0.9125738517377557 55
1741166669482 1.1953629521608167 56
1741166672422 0.9433392336052281 57
1741166675371 1.0477741369889757 58
1741166679045 0.92033318473115 59
1741166681019 1.0654720455339468 60
1741166683902 1.1350866575576324 61
1741166687142 1.1035138675718952 62
1741166689241 1.44840230692615 63
1741166691593 1.0605202348165157 64
1741166694175 1.2435143846474075 65
1741166696311 1.2945967719636726 66
1741166698296 1.291734320749074 67
1741166701002 1.037732933753588 68
1741166704383 0.9602030067482599 69
1741166706066 1.1142638952195911 70
1741166709679 1.0555276792596586 71
1741166712148 0.8846788585241838 72
1741166714680 1.3061367073409718 73
1741166717541 0.7430556622298371 74
1741166720339 0.7360694981615017 75
1741166723483 1.0253895761595062 76
1741166726496 0.6791842950120005 77
1741166730286 0.6722346537457381 78
1741166733137 0.5652286953402236 79
1741166735789 0.865819813141613 80
1741166739099 0.6053308900732618 81
1741166741416 0.8831826054001278 82
