1741166510134 8.000000000000001e-07 1
1741166514512 1.6000000000000001e-06 2
1741166516931 2.4000000000000003e-06 3
1741166519691 3.2000000000000003e-06 4
1741166522353 4.000000000000001e-06 5
1741166525913 4.800000000000001e-06 6
1741166528644 5.600000000000001e-06 7
1741166531080 6.4000000000000006e-06 8
1741166533124 7.2000000000000005e-06 9
1741166535518 8.000000000000001e-06 10
1741166538391 8.8e-06 11
1741166540685 9.600000000000001e-06 12
1741166544116 1.04e-05 13
1741166548484 1.1200000000000001e-05 14
1741166550453 1.2e-05 15
1741166553063 1.2800000000000001e-05 16
1741166555786 1.3600000000000002e-05 17
1741166558029 1.4400000000000001e-05 18
1741166560839 1.5200000000000002e-05 19
1741166562845 1.6000000000000003e-05 20
1741166565840 1.6800000000000002e-05 21
1741166569126 1.76e-05 22
1741166570985 1.8400000000000003e-05 23
1741166573210 1.9200000000000003e-05 24
1741166576246 2e-05 25
1741166579721 1.9999781283802247e-05 26
1741166582966 1.999912514477634e-05 27
1741166585946 1.999803161162393e-05 28
1741166589572 1.9996500732179695e-05 29
1741166592500 1.999453257340926e-05 30
1741166595772 1.9992127221406276e-05 31
1741166598548 1.9989284781388617e-05 32
1741166601316 1.9986005377693826e-05 33
1741166603162 1.9982289153773648e-05 34
1741166606994 1.9978136272187745e-05 35
1741166608927 1.9973546914596622e-05 36
1741166612250 1.9968521281753642e-05 37
1741166614730 1.996305959349627e-05 38
1741166618268 1.995716208873644e-05 39
1741166621780 1.9950829025450116e-05 40
1741166625196 1.9944060680666e-05 41
1741166629473 1.993685735045343e-05 42
1741166632351 1.9929219349909393e-05 43
1741166635146 1.9921147013144782e-05 44
1741166638166 1.9912640693269754e-05 45
1741166640563 1.9903700762378303e-05 46
1741166643389 1.989432761153196e-05 47
1741166646093 1.9884521650742718e-05 48
1741166647963 1.9874283308955058e-05 49
1741166650365 1.9863613034027224e-05 50
1741166652602 1.985251129271161e-05 51
1741166655540 1.9840978570634338e-05 52
1741166659415 1.982901537227404e-05 53
1741166662064 1.9816622220939762e-05 54
1741166665460 1.9803799658748096e-05 55
1741166669482 1.9790548246599447e-05 56
1741166672422 1.9776868564153517e-05 57
1741166675371 1.976276120980393e-05 58
1741166679045 1.9748226800652062e-05 59
1741166681019 1.973326597248006e-05 60
1741166683902 1.9717879379723012e-05 61
1741166687142 1.9702067695440333e-05 62
1741166689241 1.9685831611286312e-05 63
1741166691593 1.966917183747987e-05 64
1741166694175 1.9652089102773487e-05 65
1741166696311 1.9634584154421316e-05 66
1741166698296 1.9616657758146503e-05 67
1741166701002 1.95983106981077e-05 68
1741166704383 1.957954377686475e-05 69
1741166706066 1.9560357815343577e-05 70
1741166709679 1.95407536528003e-05 71
1741166712148 1.9520732146784493e-05 72
1741166714680 1.9500294173101687e-05 73
1741166717541 1.947944062577507e-05 74
1741166720339 1.9458172417006347e-05 75
1741166723483 1.9436490477135877e-05 76
1741166726496 1.941439575460195e-05 77
1741166730286 1.93918892158993e-05 78
1741166733137 1.9368971845536844e-05 79
1741166735789 1.934564464599461e-05 80
1741166739099 1.9321908637679868e-05 81
1741166741416 1.9297764858882516e-05 82
