1741166510134 2.8165 1
1741166514512 3.0262 2
1741166516931 2.1003 3
1741166519691 2.4979 4
1741166522353 2.5211 5
1741166525913 2.6971 6
1741166528644 2.7869 7
1741166531080 2.7073 8
1741166533124 2.0133 9
1741166535518 2.584 10
1741166538391 2.2482 11
1741166540685 2.7515 12
1741166544116 2.3578 13
1741166548484 2.4511 14
1741166550453 2.6444 15
1741166553063 2.0333 16
1741166555786 2.2758 17
1741166558029 2.7661 18
1741166560839 2.5867 19
1741166562845 1.9729 20
1741166565840 1.8579 21
1741166569126 1.7882 22
1741166570985 2.295 23
1741166573210 2.4438 24
1741166576246 1.6556 25
1741166579721 2.1649 26
1741166582966 1.845 27
1741166585946 1.7578 28
1741166589572 1.7285 29
1741166592500 1.5761 30
1741166595772 1.5898 31
1741166598548 1.4941 32
1741166601316 1.5524 33
1741166603162 1.6548 34
1741166606994 1.3622 35
1741166608927 1.3255 36
1741166612250 1.614 37
1741166614730 1.1473 38
1741166618268 1.28 39
1741166621780 1.4154 40
1741166625196 1.1767 41
1741166629473 1.3798 42
1741166632351 1.0492 43
1741166635146 0.9823 44
1741166638166 1.3535 45
1741166640563 1.0724 46
1741166643389 0.779 47
1741166646093 0.8353 48
1741166647963 1.2061 49
1741166650365 1.0166 50
1741166652602 0.9738 51
1741166655540 1.0666 52
1741166659415 0.7335 53
1741166662064 0.4815 54
1741166665460 0.8464 55
1741166669482 0.9124 56
1741166672422 0.7187 57
1741166675371 0.7919 58
1741166679045 0.1712 59
1741166681019 0.9508 60
1741166683902 0.6541 61
1741166687142 0.5053 62
1741166689241 0.2874 63
1741166691593 0.6011 64
1741166694175 0.5787 65
1741166696311 0.4329 66
1741166698296 0.5254 67
1741166701002 0.2858 68
1741166704383 0.5847 69
1741166706066 0.0872 70
1741166709679 0.3697 71
1741166712148 0.5131 72
1741166714680 0.2277 73
1741166717541 0.0513 74
1741166720339 0.1136 75
1741166723483 0.3714 76
1741166726496 0.0587 77
1741166730286 0.2593 78
1741166733137 0.0385 79
1741166735789 0.1755 80
1741166739099 0.0652 81
1741166741416 0.1286 82
