1741166510134 2.61892032623291 1
1741166514512 1.7473500967025757 2
1741166516931 1.949491262435913 3
1741166519691 1.8792140483856201 4
1741166522353 2.4999067783355713 5
1741166525913 1.730925440788269 6
1741166528644 2.374763011932373 7
1741166531080 2.0321292877197266 8
1741166533124 2.065406322479248 9
1741166535518 2.4790873527526855 10
1741166538391 1.9248201847076416 11
1741166540685 2.2148280143737793 12
1741166544116 2.3495426177978516 13
1741166548484 1.7283910512924194 14
1741166550453 2.074514627456665 15
1741166553063 1.7379019260406494 16
1741166555786 1.9080718755722046 17
1741166558029 2.2022008895874023 18
1741166560839 2.139697551727295 19
1741166562845 1.815597414970398 20
1741166565840 1.9371998310089111 21
1741166569126 1.4677393436431885 22
1741166570985 1.4461690187454224 23
1741166573210 1.9425994157791138 24
1741166576246 1.9161149263381958 25
1741166579721 1.4439549446105957 26
1741166582966 1.6121608018875122 27
1741166585946 1.5755665302276611 28
1741166589572 1.632819414138794 29
1741166592500 1.3446269035339355 30
1741166595772 1.3593790531158447 31
1741166598548 1.6935861110687256 32
1741166601316 1.2350693941116333 33
1741166603162 1.5220800638198853 34
1741166606994 1.3972704410552979 35
1741166608927 1.292309045791626 36
1741166612250 1.111571192741394 37
1741166614730 1.0446951389312744 38
1741166618268 1.4380791187286377 39
1741166621780 1.7160882949829102 40
1741166625196 0.8358986973762512 41
1741166629473 1.3570547103881836 42
1741166632351 1.0087947845458984 43
1741166635146 1.2493036985397339 44
1741166638166 1.18283212184906 45
1741166640563 1.3781882524490356 46
1741166643389 0.7137098908424377 47
1741166646093 0.842246413230896 48
1741166647963 0.9138100147247314 49
1741166650365 1.1572558879852295 50
1741166652602 1.0594793558120728 51
1741166655540 1.193916916847229 52
1741166659415 0.6545909643173218 53
1741166662064 0.34863317012786865 54
1741166665460 0.906096339225769 55
1741166669482 0.882515013217926 56
1741166672422 0.8568633794784546 57
1741166675371 0.6441307067871094 58
1741166679045 0.11809087544679642 59
1741166681019 0.817817211151123 60
1741166683902 0.49738839268684387 61
1741166687142 0.4700874090194702 62
1741166689241 0.2622981071472168 63
1741166691593 0.595386266708374 64
1741166694175 0.518207311630249 65
1741166696311 0.27157068252563477 66
1741166698296 0.4657222330570221 67
1741166701002 0.1901577264070511 68
1741166704383 0.6174155473709106 69
1741166706066 0.026556970551609993 70
1741166709679 0.3018892705440521 71
1741166712148 0.46001046895980835 72
1741166714680 0.13517355918884277 73
1741166717541 0.03765983507037163 74
1741166720339 0.09892372041940689 75
1741166723483 0.3182004690170288 76
1741166726496 0.026690281927585602 77
1741166730286 0.26396599411964417 78
1741166733137 0.02125159092247486 79
1741166735789 0.1122315526008606 80
1741166739099 0.045087818056344986 81
1741166741416 0.06430816650390625 82
