1741166510134 -2.5545997619628906 1
1741166514512 -2.851449489593506 2
1741166516931 -1.9053527116775513 3
1741166519691 -2.309964895248413 4
1741166522353 -2.271061658859253 5
1741166525913 -2.523960590362549 6
1741166528644 -2.5493810176849365 7
1741166531080 -2.504075765609741 8
1741166533124 -1.8067744970321655 9
1741166535518 -2.336052894592285 10
1741166538391 -2.0557503700256348 11
1741166540685 -2.530043125152588 12
1741166544116 -2.1228551864624023 13
1741166548484 -2.2782413959503174 14
1741166550453 -2.43694806098938 15
1741166553063 -1.859514832496643 16
1741166555786 -2.084975242614746 17
1741166558029 -2.5458436012268066 18
1741166560839 -2.3727214336395264 19
1741166562845 -1.7913249731063843 20
1741166565840 -1.664176344871521 21
1741166569126 -1.6414272785186768 22
1741166570985 -2.1504266262054443 23
1741166573210 -2.2495758533477783 24
1741166576246 -1.4639610052108765 25
1741166579721 -2.0205001831054688 26
1741166582966 -1.6837387084960938 27
1741166585946 -1.6002073287963867 28
1741166589572 -1.5652270317077637 29
1741166592500 -1.441625952720642 30
1741166595772 -1.453857421875 31
1741166598548 -1.3247056007385254 32
1741166601316 -1.4289038181304932 33
1741166603162 -1.502587914466858 34
1741166606994 -1.2224458456039429 35
1741166608927 -1.1962642669677734 36
1741166612250 -1.5028859376907349 37
1741166614730 -1.0428330898284912 38
1741166618268 -1.136160969734192 39
1741166621780 -1.2437541484832764 40
1741166625196 -1.0931074619293213 41
1741166629473 -1.2440763711929321 42
1741166632351 -0.9483546018600464 43
1741166635146 -0.8573586940765381 44
1741166638166 -1.235174536705017 45
1741166640563 -0.9345648288726807 46
1741166643389 -0.7075880169868469 47
1741166646093 -0.7510915994644165 48
1741166647963 -1.114672064781189 49
1741166650365 -0.9008549451828003 50
1741166652602 -0.8678251504898071 51
1741166655540 -0.9472054839134216 52
1741166659415 -0.6680482625961304 53
1741166662064 -0.4466821253299713 54
1741166665460 -0.7557899355888367 55
1741166669482 -0.8241859674453735 56
1741166672422 -0.6330513954162598 57
1741166675371 -0.7274899482727051 58
1741166679045 -0.15935640037059784 59
1741166681019 -0.86902916431427 60
1741166683902 -0.604372501373291 61
1741166687142 -0.45833274722099304 62
1741166689241 -0.26116278767585754 63
1741166691593 -0.5415526032447815 64
1741166694175 -0.5268895626068115 65
1741166696311 -0.4057815670967102 66
1741166698296 -0.4787845015525818 67
1741166701002 -0.2667973041534424 68
1741166704383 -0.5229921340942383 69
1741166706066 -0.0845186784863472 70
1741166709679 -0.3394933044910431 71
1741166712148 -0.46712008118629456 72
1741166714680 -0.2142128199338913 73
1741166717541 -0.04750203341245651 74
1741166720339 -0.10366949439048767 75
1741166723483 -0.33960285782814026 76
1741166726496 -0.055982500314712524 77
1741166730286 -0.23293499648571014 78
1741166733137 -0.036333438009023666 79
1741166735789 -0.16423599421977997 80
1741166739099 -0.06067359074950218 81
1741166741416 -0.12213156372308731 82
