1741166510134 -0.6629244089126587 1
1741166514512 -1.5483131408691406 2
1741166516931 -0.7778375148773193 3
1741166519691 -1.1519198417663574 4
1741166522353 -0.5897698402404785 5
1741166525913 -1.4179859161376953 6
1741166528644 -0.918030858039856 7
1741166531080 -1.1182518005371094 8
1741166533124 -0.5731727480888367 9
1741166535518 -0.6219204664230347 10
1741166538391 -0.8728320002555847 11
1741166540685 -0.9663125276565552 12
1741166544116 -0.5893787145614624 13
1741166548484 -1.2722656726837158 14
1741166550453 -1.0002721548080444 15
1741166553063 -0.856114387512207 16
1741166555786 -1.0380465984344482 17
1741166558029 -0.987811267375946 18
1741166560839 -0.9212509989738464 19
1741166562845 -0.7348039746284485 20
1741166565840 -0.562583327293396 21
1741166569126 -0.9949533939361572 22
1741166570985 -1.3723434209823608 23
1741166573210 -0.9382492303848267 24
1741166576246 -0.45272356271743774 25
1741166579721 -1.327298879623413 26
1741166582966 -0.8355377912521362 27
1741166585946 -0.7761250734329224 28
1741166589572 -0.708102285861969 29
1741166592500 -0.9678189754486084 30
1741166595772 -0.9773633480072021 31
1741166598548 -0.48735201358795166 32
1741166601316 -0.9162420630455017 33
1741166603162 -0.7477083206176758 34
1741166606994 -0.7377686500549316 35
1741166608927 -0.783172607421875 36
1741166612250 -1.1977636814117432 37
1741166614730 -0.8028867244720459 38
1741166618268 -0.5214211940765381 39
1741166621780 -0.44229957461357117 40
1741166625196 -1.03115713596344 41
1741166629473 -0.6203559041023254 42
1741166632351 -0.8855959177017212 43
1741166635146 -0.6295211315155029 44
1741166638166 -0.8041017055511475 45
1741166640563 -0.42060747742652893 46
1741166643389 -0.9268851280212402 47
1741166646093 -0.9216880202293396 48
1741166647963 -0.986472487449646 49
1741166650365 -0.5473862886428833 50
1741166652602 -0.6321507692337036 51
1741166655540 -0.5476681590080261 52
1741166659415 -1.0183343887329102 53
1741166662064 -1.2634432315826416 54
1741166665460 -0.5912746787071228 55
1741166669482 -0.8618299961090088 56
1741166672422 -0.5649439692497253 57
1741166675371 -0.833940863609314 58
1741166679045 -1.549782156944275 59
1741166681019 -0.7314165830612183 60
1741166683902 -1.1284139156341553 61
1741166687142 -1.061063528060913 62
1741166689241 -0.9046114087104797 63
1741166691593 -1.2260404825210571 64
1741166694175 -0.7140605449676514 65
1741166696311 -1.5257384777069092 66
1741166698296 -0.6910631656646729 67
1741166701002 -1.2141039371490479 68
1741166704383 -0.7923334836959839 69
1741166706066 -1.6250194311141968 70
1741166709679 -1.113595962524414 71
1741166712148 -1.1722636222839355 72
1741166714680 -1.655372142791748 73
1741166717541 -1.1483618021011353 74
1741166720339 -1.2462283372879028 75
1741166723483 -1.479888916015625 76
1741166726496 -1.2716283798217773 77
1741166730286 -1.171189308166504 78
1741166733137 -1.3076707124710083 79
1741166735789 -1.2998534440994263 80
1741166739099 -1.9090222120285034 81
1741166741416 -1.2917773723602295 82
