1741168404403 0.2 1
1741168408211 0.4 2
1741168411440 0.6 3
1741168414827 0.8 4
1741168417694 1.0 5
1741168422274 1.2 6
1741168424450 1.4 7
1741168428610 1.6 8
1741168432006 1.8 9
1741168434391 2.0 10
1741168437347 2.2 11
1741168439389 2.4 12
1741168441805 2.6 13
1741168444888 2.8 14
1741168447355 3.0 15
1741168449985 3.2 16
1741168452502 3.4 17
1741168455634 3.6 18
1741168458951 3.8 19
1741168461923 4.0 20
1741168464134 4.2 21
1741168467190 4.4 22
1741168468957 4.6 23
1741168471681 4.8 24
1741168474098 5.0 25
1741168476604 5.2 26
1741168478742 5.4 27
1741168481843 5.6 28
1741168485668 5.8 29
1741168488609 6.0 30
1741168491310 6.2 31
1741168494522 6.4 32
1741168497674 6.6 33
1741168500066 6.8 34
1741168503942 7.0 35
1741168505750 7.2 36
1741168508460 7.4 37
1741168510308 7.6 38
1741168514149 7.8 39
1741168516776 8.0 40
1741168520210 8.2 41
1741168522395 8.4 42
1741168524825 8.6 43
1741168527664 8.8 44
1741168530066 9.0 45
1741168532804 9.2 46
1741168535302 9.4 47
1741168537768 9.6 48
1741168539927 9.8 49
1741168542171 10.0 50
1741168544946 10.2 51
1741168547816 10.4 52
1741168550818 10.6 53
1741168553379 10.8 54
1741168555573 11.0 55
1741168558850 11.2 56
1741168561937 11.4 57
1741168563958 11.6 58
1741168565823 11.8 59
1741168568140 12.0 60
1741168570931 12.2 61
1741168573351 12.4 62
1741168576006 12.6 63
1741168578849 12.8 64
1741168581220 13.0 65
1741168584202 13.2 66
1741168588442 13.4 67
1741168590803 13.6 68
1741168593565 13.8 69
1741168595367 14.0 70
1741168597869 14.2 71
1741168602290 14.4 72
1741168604725 14.6 73
1741168607571 14.8 74
1741168610071 15.0 75
1741168613715 15.2 76
1741168616820 15.4 77
1741168619660 15.6 78
1741168622224 15.8 79
1741168625628 16.0 80
1741168629490 16.2 81
1741168631466 16.4 82
1741168634238 16.6 83
1741168636737 16.8 84
1741168639965 17.0 85
1741168642210 17.2 86
1741168644808 17.4 87
1741168648405 17.6 88
1741168650974 17.8 89
1741168653448 18.0 90
1741168656240 18.2 91
1741168658539 18.4 92
1741168661028 18.6 93
1741168664349 18.8 94
1741168666673 19.0 95
1741168670519 19.2 96
1741168672779 19.4 97
1741168675846 19.6 98
1741168678367 19.8 99
1741168680901 20.0 100
1741168735012 20.2 101
1741168737521 20.4 102
1741168739874 20.6 103
1741168743289 20.8 104
1741168746086 21.0 105
1741168748405 21.2 106
1741168750459 21.4 107
1741168753082 21.6 108
1741168755482 21.8 109
1741168757347 22.0 110
1741168761579 22.2 111
1741168764626 22.4 112
1741168766873 22.6 113
1741168769732 22.8 114
1741168772147 23.0 115
1741168774578 23.2 116
1741168777319 23.4 117
1741168779372 23.6 118
1741168782623 23.8 119
1741168784432 24.0 120
1741168788001 24.2 121
1741168791565 24.4 122
1741168794612 24.6 123
1741168797474 24.8 124
1741168799371 25.0 125
1741168801767 25.2 126
1741168803522 25.4 127
1741168806643 25.6 128
1741168810459 25.8 129
1741168813355 26.0 130
1741168818194 26.2 131
1741168822352 26.4 132
1741168824988 26.6 133
1741168827625 26.8 134
1741168830727 27.0 135
1741168834897 27.2 136
1741168837639 27.4 137
1741168839372 27.6 138
1741168842386 27.8 139
1741168846965 28.0 140
1741168850451 28.2 141
1741168853046 28.4 142
1741168855314 28.6 143
1741168858630 28.8 144
1741168861509 29.0 145
1741168864986 29.2 146
1741168867083 29.4 147
1741168869809 29.6 148
1741168873211 29.8 149
1741168875611 30.0 150
1741168879862 30.2 151
1741168883208 30.4 152
1741168886755 30.6 153
1741168889882 30.8 154
1741168894731 31.0 155
1741168898709 31.2 156
1741168901287 31.4 157
1741168903482 31.6 158
1741168906313 31.8 159
1741168908945 32.0 160
1741168912735 32.2 161
1741168915171 32.4 162
1741168917396 32.6 163
1741168919799 32.8 164
1741168922461 33.0 165
1741168926658 33.2 166
1741168929000 33.4 167
1741168931949 33.6 168
1741168934394 33.8 169
1741168936211 34.0 170
1741168938964 34.2 171
1741168941000 34.4 172
1741168945319 34.6 173
1741168947561 34.8 174
1741168950520 35.0 175
1741168952752 35.2 176
1741168955561 35.4 177
1741168957962 35.6 178
1741168960948 35.8 179
1741168963842 36.0 180
1741168966601 36.2 181
1741168970353 36.4 182
1741168973100 36.6 183
1741168975916 36.8 184
1741168978764 37.0 185
1741168982199 37.2 186
1741168984542 37.4 187
1741168986906 37.6 188
1741168989257 37.8 189
1741168992569 38.0 190
1741168994359 38.2 191
1741168998107 38.4 192
1741169001308 38.6 193
1741169003901 38.8 194
1741169006575 39.0 195
1741169010437 39.2 196
1741169012872 39.4 197
1741169015576 39.6 198
1741169017814 39.8 199
1741169020257 40.0 200
1741169073275 40.2 201
1741169075654 40.4 202
1741169078291 40.6 203
1741169080632 40.8 204
1741169084020 41.0 205
1741169086352 41.2 206
1741169088834 41.4 207
1741169091098 41.6 208
1741169095015 41.8 209
1741169097897 42.0 210
1741169100303 42.2 211
1741169102804 42.4 212
1741169105236 42.6 213
1741169108351 42.8 214
1741169111031 43.0 215
1741169113455 43.2 216
1741169116034 43.4 217
1741169119218 43.6 218
1741169122618 43.8 219
1741169125754 44.0 220
1741169128452 44.2 221
1741169131204 44.4 222
1741169134225 44.6 223
1741169136387 44.8 224
1741169138772 45.0 225
1741169141202 45.2 226
1741169144184 45.4 227
1741169147068 45.6 228
1741169149588 45.8 229
1741169152751 46.0 230
1741169155323 46.2 231
1741169159423 46.4 232
1741169163211 46.6 233
1741169165666 46.8 234
1741169169132 47.0 235
1741169172212 47.2 236
1741169175123 47.4 237
1741169178269 47.6 238
1741169181532 47.8 239
1741169185122 48.0 240
1741169187428 48.2 241
1741169190908 48.4 242
1741169193372 48.6 243
1741169195813 48.8 244
1741169198809 49.0 245
1741169202084 49.2 246
1741169204474 49.4 247
1741169208153 49.6 248
1741169210678 49.8 249
1741169213352 50.0 250
1741169263073 50.0 250
