1741168404403 2.208052459049938 1
1741168408211 2.558082618805272 2
1741168411440 1.3549131371560015 3
1741168414827 2.3270192662371287 4
1741168417694 2.4196643153699324 5
1741168422274 2.565630408481152 6
1741168424450 1.766532336531802 7
1741168428610 2.528706342611675 8
1741168432006 1.3630398909775643 9
1741168434391 2.567297754857891 10
1741168437347 2.1366830189715422 11
1741168439389 1.92571045601992 12
1741168441805 2.1416467451328494 13
1741168444888 2.4731150311092764 14
1741168447355 2.476238364123249 15
1741168449985 1.2421342186831368 16
1741168452502 1.798382078302475 17
1741168455634 2.0783211637225305 18
1741168458951 1.4384373198753924 19
1741168461923 0.9088333327981588 20
1741168464134 0.734738681087145 21
1741168467190 1.3605728850727892 22
1741168468957 2.7248925910491124 23
1741168471681 1.340556439068905 24
1741168474098 0.9782383067580077 25
1741168476604 1.776763802206263 26
1741168478742 1.4295940128302205 27
1741168481843 1.1646333162433549 28
1741168485668 1.1748115191559012 29
1741168488609 1.520123721479103 30
1741168491310 1.518395693475576 31
1741168494522 1.0506859889603333 32
1741168497674 0.8830888656276809 33
1741168500066 1.3665700571763204 34
1741168503942 1.0386250289412637 35
1741168505750 1.122609558374055 36
1741168508460 1.9015805219387583 37
1741168510308 0.8539991807618634 38
1741168514149 0.8669384754176592 39
1741168516776 0.6969291327790187 40
1741168520210 1.2170038832383032 41
1741168522395 1.3133091351641555 42
1741168524825 1.4551646124905964 43
1741168527664 1.3032231824607254 44
1741168530066 1.3429011961365926 45
1741168532804 0.9819419449836135 46
1741168535302 0.8107154168792521 47
1741168537768 0.9385162978013808 48
1741168539927 1.61273137618227 49
1741168542171 1.0035912427167044 50
1741168544946 0.9094832277566729 51
1741168547816 1.0560994691841843 52
1741168550818 0.8181779692590276 53
1741168553379 1.2397071570584768 54
1741168555573 1.0617363444747356 55
1741168558850 1.2638554672867195 56
1741168561937 1.1129329597183346 57
1741168563958 1.226267342654672 58
1741168565823 0.9798016964546381 59
1741168568140 1.2613195429949675 60
1741168570931 1.0972380781123914 61
1741168573351 1.0919148441001822 62
1741168576006 1.1229185368573007 63
1741168578849 0.9820141351910853 64
1741168581220 1.2861049248162062 65
1741168584202 1.2521711867023064 66
1741168588442 1.2254963590356855 67
1741168590803 0.8054380748216478 68
1741168593565 0.84410895829585 69
1741168595367 1.0443631769218307 70
1741168597869 0.9264928818166326 71
1741168602290 0.8958990387265195 72
1741168604725 1.2116452525046486 73
1741168607571 0.42230486082163404 74
1741168610071 0.6123790820956775 75
1741168613715 0.9683765665979177 76
1741168616820 0.5816102754369078 77
1741168619660 0.6636422285316 78
1741168622224 0.4374504120770349 79
1741168625628 0.8380272178302935 80
1741168629490 0.5369480841365336 81
1741168631466 0.8759411740619291 82
1741168634238 0.6546473917883717 83
1741168636737 0.4688961986849405 84
1741168639965 0.25632482648566485 85
1741168642210 0.8427038310159799 86
1741168644808 0.42920131570861475 87
1741168648405 0.17507744764248703 88
1741168650974 0.132014566742336 89
1741168653448 0.49743601050531505 90
1741168656240 0.4439788609035687 91
1741168658539 0.10673454211023735 92
1741168661028 0.5368249014554475 93
1741168664349 0.09472119483201819 94
1741168666673 0.10153301725899797 95
1741168670519 0.045710202576656034 96
1741168672779 0.4689782343792397 97
1741168675846 0.12311835241807598 98
1741168678367 0.4356420547004284 99
1741168680901 0.04886811555798725 100
1741168735012 0.03382595025732721 101
1741168737521 0.44894572466693494 102
1741168739874 0.04110013985702537 103
1741168743289 0.3993309753106059 104
1741168746086 0.06973604490510407 105
1741168748405 0.43865243964602124 106
1741168750459 0.024308732767839597 107
1741168753082 0.3070648716511626 108
1741168755482 0.042943643388303566 109
1741168757347 0.02857108160736126 110
1741168761579 0.010067829554489104 111
1741168764626 0.22148344511624896 112
1741168766873 0.03118744868608425 113
1741168769732 0.3584194700553721 114
1741168772147 0.020801025544057033 115
1741168774578 0.03028784437776865 116
1741168777319 0.021028035008639062 117
1741168779372 0.16856592911026302 118
1741168782623 0.022131017587885063 119
1741168784432 0.19237566094722766 120
1741168788001 0.01695360603827421 121
1741168791565 0.017442384701479473 122
1741168794612 0.1526804652895094 123
1741168797474 0.1430244689041929 124
1741168799371 0.015922900562213772 125
1741168801767 0.018658855994719725 126
1741168803522 0.01597336000570266 127
1741168806643 0.11746374813014317 128
1741168810459 0.01895232765787069 129
1741168813355 0.1029162112225218 130
1741168818194 0.09524846626947946 131
1741168822352 0.01878720091716185 132
1741168824988 0.02444304477653168 133
1741168827625 0.0111328240061615 134
1741168830727 0.10765182318341439 135
1741168834897 0.013685059555934501 136
1741168837639 0.018078413446449396 137
1741168839372 0.0636080259022289 138
1741168842386 0.060851246060458004 139
1741168846965 0.027434367722418983 140
1741168850451 0.05758348106284544 141
1741168853046 0.009505873872254956 142
1741168855314 0.01085596702412052 143
1741168858630 0.013131725897363628 144
1741168861509 0.04521726517729979 145
1741168864986 0.04414875244311811 146
1741168867083 0.01149517195461189 147
1741168869809 0.012327620302150512 148
1741168873211 0.015706312766370148 149
1741168875611 0.03698148179523416 150
1741168879862 0.050616267914601935 151
1741168883208 0.011010618614599222 152
1741168886755 0.010808995951597324 153
1741168889882 0.00950205196819569 154
1741168894731 0.013314823385680699 155
1741168898709 0.031511103853510906 156
1741168901287 0.01701207542150477 157
1741168903482 0.006952142967065159 158
1741168906313 0.026503053315264417 159
1741168908945 0.007566583692043093 160
1741168912735 0.010012220304819904 161
1741168915171 0.024179980542960357 162
1741168917396 0.00870452833084779 163
1741168919799 0.012729811747079078 164
1741168922461 0.02534295885014608 165
1741168926658 0.021040035269792198 166
1741168929000 0.025425801022650133 167
1741168931949 0.011423328557531743 168
1741168934394 0.008464211854727288 169
1741168936211 0.009237575200648067 170
1741168938964 0.020732313614155406 171
1741168941000 0.006672875958929001 172
1741168945319 0.023369655308172792 173
1741168947561 0.01151126235223365 174
1741168950520 0.011816902417004463 175
1741168952752 0.008231295613310577 176
1741168955561 0.02817498665606723 177
1741168957962 0.010059140351227389 178
1741168960948 0.01001114138428785 179
1741168963842 0.00948531103131188 180
1741168966601 0.02154367699661635 181
1741168970353 0.008983960222313498 182
1741168973100 0.017435976262097024 183
1741168975916 0.009583708834780335 184
1741168978764 0.009178841336769463 185
1741168982199 0.016661780806888512 186
1741168984542 0.019828904925137784 187
1741168986906 0.010068336571836922 188
1741168989257 0.009858015293220593 189
1741168992569 0.00968338396171403 190
1741168994359 0.009248365539906954 191
1741168998107 0.019944194191092578 192
1741169001308 0.015507821325026042 193
1741169003901 0.006722450287572992 194
1741169006575 0.012546075228341204 195
1741169010437 0.02452575939856656 196
1741169012872 0.008877081503000164 197
1741169015576 0.010314893814754965 198
1741169017814 0.00807872536945341 199
1741169020257 0.0056132653747486775 200
1741169073275 0.015587885531128089 201
1741169075654 0.01940682151587639 202
1741169078291 0.008713480421138403 203
1741169080632 0.006358425587179056 204
1741169084020 0.008293609427224848 205
1741169086352 0.018998280233168116 206
1741169088834 0.009146373789194386 207
1741169091098 0.01409991133122485 208
1741169095015 0.008491222837296452 209
1741169097897 0.008084928016575154 210
1741169100303 0.009614980589261678 211
1741169102804 0.015120304160533195 212
1741169105236 0.007379043048643918 213
1741169108351 0.018957958231935065 214
1741169111031 0.006177948929815656 215
1741169113455 0.006889114935285943 216
1741169116034 0.006847004818855434 217
1741169119218 0.015443583275178335 218
1741169122618 0.018776606956172736 219
1741169125754 0.009938840345907028 220
1741169128452 0.018106288949445982 221
1741169131204 0.013941301158462868 222
1741169134225 0.007513798052726645 223
1741169136387 0.007126286675620666 224
1741169138772 0.009777318899084718 225
1741169141202 0.010147941679097772 226
1741169144184 0.005978471938757199 227
1741169147068 0.006531630847980221 228
1741169149588 0.009364008510054365 229
1741169152751 0.023028282817181445 230
1741169155323 0.005144722097131446 231
1741169159423 0.0073724592566048385 232
1741169163211 0.022705154550665928 233
1741169165666 0.010256007201653919 234
1741169169132 0.007895052625554943 235
1741169172212 0.0135447519332325 236
1741169175123 0.017595408900758277 237
1741169178269 0.009073571947984803 238
1741169181532 0.008750168467886692 239
1741169185122 0.008832309432735717 240
1741169187428 0.01544055212205543 241
1741169190908 0.004350160660408604 242
1741169193372 0.008488115542819037 243
1741169195813 0.017888602384490547 244
1741169198809 0.011440931259665575 245
1741169202084 0.007685443324004356 246
1741169204474 0.008234055723339961 247
1741169208153 0.022396469438434707 248
1741169210678 0.008688709338209623 249
1741169213352 0.007973703965167897 250
