1741168404403 1.5384615384615387e-06 1
1741168408211 3.0769230769230774e-06 2
1741168411440 4.615384615384616e-06 3
1741168414827 6.153846153846155e-06 4
1741168417694 7.692307692307694e-06 5
1741168422274 9.230769230769232e-06 6
1741168424450 1.076923076923077e-05 7
1741168428610 1.230769230769231e-05 8
1741168432006 1.3846153846153847e-05 9
1741168434391 1.5384615384615387e-05 10
1741168437347 1.6923076923076924e-05 11
1741168439389 1.8461538461538465e-05 12
1741168441805 2e-05 13
1741168444888 1.9999121449564347e-05 14
1741168447355 1.9996485952627554e-05 15
1741168449985 1.999209397227302e-05 16
1741168452502 1.9985946280215996e-05 17
1741168455634 1.997804395666799e-05 18
1741168458951 1.996838839014696e-05 19
1741168461923 1.9956981277233342e-05 20
1741168464134 1.9943824622271934e-05 21
1741168467190 1.9928920737019735e-05 22
1741168468957 1.9912272240239715e-05 23
1741168471681 1.9893882057240698e-05 24
1741168474098 1.9873753419363336e-05 25
1741168476604 1.9851889863412347e-05 26
1741168478742 1.9828295231035054e-05 27
1741168481843 1.9802973668046364e-05 28
1741168485668 1.9775929623700318e-05 29
1741168488609 1.9747167849908305e-05 30
1741168491310 1.97166934004041e-05 31
1741168494522 1.968451162985589e-05 32
1741168497674 1.9650628192925372e-05 33
1741168500066 1.9615049043274207e-05 34
1741168503942 1.957778043251788e-05 35
1741168505750 1.953882890912723e-05 36
1741168508460 1.949820131727783e-05 37
1741168510308 1.945590479564738e-05 38
1741168514149 1.9411946776161388e-05 39
1741168516776 1.936633498268728e-05 40
1741168520210 1.931907742967727e-05 41
1741168522395 1.9270182420760104e-05 42
1741168524825 1.921965854728207e-05 43
1741168527664 1.916751468679737e-05 44
1741168530066 1.911376000150828e-05 45
1741168532804 1.9058403936655235e-05 46
1741168535302 1.9001456218857207e-05 47
1741168537768 1.894292685440266e-05 48
1741168539927 1.888282612749132e-05 49
1741168542171 1.8821164598427148e-05 50
1741168544946 1.8757953101762786e-05 51
1741168547816 1.869320274439583e-05 52
1741168550818 1.86269249036172e-05 53
1741168553379 1.8559131225112085e-05 54
1741168555573 1.8489833620913644e-05 55
1741168558850 1.841904426730994e-05 56
1741168561937 1.8346775602704464e-05 57
1741168563958 1.8273040325430575e-05 58
1741168565823 1.8197851391520265e-05 59
1741168568140 1.8121222012427666e-05 60
1741168570931 1.804316565270765e-05 61
1741168573351 1.796369602764999e-05 62
1741168576006 1.788282710086942e-05 63
1741168578849 1.7800573081852124e-05 64
1741168581220 1.771694842345894e-05 65
1741168584202 1.7631967819385883e-05 66
1741168588442 1.7545646201582304e-05 67
1741168590803 1.7457998737627183e-05 68
1741168593565 1.7369040828064046e-05 69
1741168595367 1.7278788103694944e-05 70
1741168597869 1.7187256422833928e-05 71
1741168602290 1.7094461868520625e-05 72
1741168604725 1.7000420745694256e-05 73
1741168607571 1.6905149578328705e-05 74
1741168610071 1.6808665106529096e-05 75
1741168613715 1.671098428359037e-05 76
1741168616820 1.661212427301844e-05 77
1741168619660 1.6512102445514376e-05 78
1741168622224 1.64109363759222e-05 79
1741168625628 1.630864384014083e-05 80
1741168629490 1.620524281200062e-05 81
1741168631466 1.6100751460105244e-05 82
1741168634238 1.599518814463925e-05 83
1741168636737 1.5888571414141997e-05 84
1741168639965 1.5780920002248484e-05 85
1741168642210 1.5672252824397683e-05 86
1741168644808 1.556258897450887e-05 87
1741168648405 1.5451947721626676e-05 88
1741168650974 1.534034850653528e-05 89
1741168653448 1.5227810938342493e-05 90
1741168656240 1.5114354791034225e-05 91
1741168658539 1.5000000000000002e-05 92
1741168661028 1.4884766658530126e-05 93
1741168664349 1.4768675014285063e-05 94
1741168666673 1.465174546573774e-05 95
1741168670519 1.4533998558589319e-05 96
1741168672779 1.4415454982159121e-05 97
1741168675846 1.429613556574928e-05 98
1741168678367 1.4176061274984858e-05 99
1741168680901 1.405525320812994e-05 100
1741168735012 1.3933732592380485e-05 101
1741168737521 1.3811520780134471e-05 102
1741168739874 1.3688639245240078e-05 103
1741168743289 1.3565109579222511e-05 104
1741168746086 1.3440953487490145e-05 105
1741168748405 1.331619278552068e-05 106
1741168750459 1.3190849395027926e-05 107
1741168753082 1.306494534010995e-05 108
1741168755482 1.2938502743379212e-05 109
1741168757347 1.2811543822075396e-05 110
1741168761579 1.2684090884161636e-05 111
1741168764626 1.2556166324404747e-05 112
1741168766873 1.242779262044028e-05 113
1741168769732 1.2298992328822937e-05 114
1741168772147 1.2169788081063181e-05 115
1741168774578 1.2040202579650649e-05 116
1741168777319 1.1910258594065079e-05 117
1741168779372 1.1779978956775507e-05 118
1741168782623 1.1649386559228342e-05 119
1741168784432 1.1518504347825146e-05 120
1741168788001 1.1387355319890685e-05 121
1741168791565 1.1255962519632082e-05 122
1741168794612 1.1124349034089724e-05 123
1741168797474 1.0992537989080618e-05 124
1741168799371 1.086055254513497e-05 125
1741168801767 1.0728415893426636e-05 126
1741168803522 1.05961512516982e-05 127
1741168806643 1.0463781860181385e-05 128
1741168810459 1.033133097751351e-05 129
1741168813355 1.0198821876650702e-05 130
1741168818194 1.0066277840778626e-05 131
1741168822352 9.933722159221375e-06 132
1741168824988 9.801178123349298e-06 133
1741168827625 9.668669022486495e-06 134
1741168830727 9.536218139818615e-06 135
1741168834897 9.403848748301802e-06 136
1741168837639 9.271584106573364e-06 137
1741168839372 9.139447454865034e-06 138
1741168842386 9.007462010919387e-06 139
1741168846965 8.87565096591028e-06 140
1741168850451 8.744037480367922e-06 141
1741168853046 8.61264468010932e-06 142
1741168855314 8.481495652174859e-06 143
1741168858630 8.350613440771661e-06 144
1741168861509 8.2200210432245e-06 145
1741168864986 8.089741405934923e-06 146
1741168867083 7.959797420349356e-06 147
1741168869809 7.83021191893682e-06 148
1741168873211 7.701007671177066e-06 149
1741168875611 7.572207379559722e-06 150
1741168879862 7.443833675595254e-06 151
1741168883208 7.315909115838367e-06 152
1741168886755 7.1884561779246055e-06 153
1741168889882 7.061497256620793e-06 154
1741168894731 6.935054659890053e-06 155
1741168898709 6.809150604972079e-06 156
1741168901287 6.683807214479323e-06 157
1741168903482 6.559046512509859e-06 158
1741168906313 6.434890420777491e-06 159
1741168908945 6.311360754759923e-06 160
1741168912735 6.188479219865529e-06 161
1741168915171 6.06626740761952e-06 162
1741168917396 5.944746791870062e-06 163
1741168919799 5.823938725015148e-06 164
1741168922461 5.703864434250721e-06 165
1741168926658 5.584545017840886e-06 166
1741168929000 5.4660014414106825e-06 167
1741168931949 5.348254534262262e-06 168
1741168934394 5.231324985714942e-06 169
1741168936211 5.1152333414698774e-06 170
1741168938964 5.000000000000003e-06 171
1741168941000 4.885645208965779e-06 172
1741168945319 4.772189061657511e-06 173
1741168947561 4.659651493464721e-06 174
1741168950520 4.548052278373327e-06 175
1741168952752 4.437411025491131e-06 176
1741168955561 4.327747175602321e-06 177
1741168957962 4.219079997751515e-06 178
1741168960948 4.111428585858005e-06 179
1741168963842 4.0048118553607485e-06 180
1741168966601 3.899248539894756e-06 181
1741168970353 3.794757187999386e-06 182
1741168973100 3.6913561598591775e-06 183
1741168975916 3.589063624077802e-06 184
1741168978764 3.4878975544856285e-06 185
1741168982199 3.387875726981563e-06 186
1741168984542 3.2890157164096315e-06 187
1741168986906 3.1913348934709076e-06 188
1741168989257 3.094850421671295e-06 189
1741168992569 2.999579254305748e-06 190
1741168994359 2.905538131479376e-06 191
1741168998107 2.812743577166075e-06 192
1741169001308 2.721211896305059e-06 193
1741169003901 2.6309591719359563e-06 194
1741169006575 2.542001262372821e-06 195
1741169010437 2.454353798417698e-06 196
1741169012872 2.3680321806141182e-06 197
1741169015576 2.283051576541062e-06 198
1741169017814 2.19942691814788e-06 199
1741169020257 2.1171728991305797e-06 200
1741169073275 2.0363039723500155e-06 201
1741169075654 1.9568343472923524e-06 202
1741169078291 1.8787779875723389e-06 203
1741169080632 1.8021486084797368e-06 204
1741169084020 1.7269596745694295e-06 205
1741169086352 1.6532243972955397e-06 206
1741169088834 1.580955732690065e-06 207
1741169091098 1.5101663790863597e-06 208
1741169095015 1.4408687748879157e-06 209
1741169097897 1.3730750963828033e-06 210
1741169100303 1.3067972556041753e-06 211
1741169102804 1.2420468982372158e-06 212
1741169105236 1.1788354015728543e-06 213
1741169108351 1.1171738725086833e-06 214
1741169111031 1.0570731455973415e-06 215
1741169113455 9.985437811427934e-07 216
1741169116034 9.415960633447674e-07 217
1741169119218 8.862399984917214e-07 218
1741169122618 8.3248531320263e-07 219
1741169125754 7.803414527179343e-07 220
1741169128452 7.298175792398976e-07 221
1741169131204 6.809225703227352e-07 222
1741169134225 6.336650173127224e-07 223
1741169136387 5.880532238386161e-07 224
1741169138772 5.440952043526215e-07 225
1741169141202 5.017986827221733e-07 226
1741169144184 4.61171090872774e-07 227
1741169147068 4.222195674821239e-07 228
1741169149588 3.8495095672579584e-07 229
1741169152751 3.493718070746299e-07 230
1741169155323 3.154883701441136e-07 231
1741169159423 2.8330659959589944e-07 232
1741169163211 2.528321500916986e-07 233
1741169165666 2.2407037629968431e-07 234
1741169169132 1.9702633195363918e-07 235
1741169172212 1.717047689649487e-07 236
1741169175123 1.4811013658765471e-07 237
1741169178269 1.262465806366664e-07 238
1741169181532 1.0611794275930398e-07 239
1741169185122 8.772775976028547e-08 240
1741169187428 7.10792629802659e-08 241
1741169190908 5.617537772806603e-08 242
1741169193372 4.3018722766661194e-08 243
1741169195813 3.161160985304168e-08 244
1741169198809 2.1956043332010957e-08 245
1741169202084 1.405371978400516e-08 246
1741169204474 7.906027726981568e-09 247
1741169208153 3.514047372448204e-09 248
1741169210678 8.785504356556562e-10 249
1741169213352 0.0 250
