1741168404403 2.8165 1
1741168408211 3.0262 2
1741168411440 2.1 3
1741168414827 2.4886 4
1741168417694 2.5224 5
1741168422274 2.6916 6
1741168424450 2.7772 7
1741168428610 2.6969 8
1741168432006 2.0003 9
1741168434391 2.5328 10
1741168437347 2.1749 11
1741168439389 2.6687 12
1741168441805 2.2167 13
1741168444888 2.2168 14
1741168447355 2.3597 15
1741168449985 1.7872 16
1741168452502 2.0194 17
1741168455634 2.2266 18
1741168458951 2.2034 19
1741168461923 1.7078 20
1741168464134 1.6411 21
1741168467190 1.5173 22
1741168468957 1.9143 23
1741168471681 2.1917 24
1741168474098 1.5141 25
1741168476604 1.7785 26
1741168478742 1.5527 27
1741168481843 1.545 28
1741168485668 1.5001 29
1741168488609 1.3341 30
1741168491310 1.3696 31
1741168494522 1.3125 32
1741168497674 1.3731 33
1741168500066 1.3902 34
1741168503942 1.1716 35
1741168505750 1.1222 36
1741168508460 1.2296 37
1741168510308 0.9824 38
1741168514149 1.1313 39
1741168516776 1.3256 40
1741168520210 0.9626 41
1741168522395 1.1249 42
1741168524825 0.8225 43
1741168527664 0.8388 44
1741168530066 1.124 45
1741168532804 0.9295 46
1741168535302 0.6 47
1741168537768 0.6722 48
1741168539927 0.9448 49
1741168542171 0.889 50
1741168544946 0.8618 51
1741168547816 0.891 52
1741168550818 0.6259 53
1741168553379 0.2712 54
1741168555573 0.7264 55
1741168558850 0.734 56
1741168561937 0.5971 57
1741168563958 0.6409 58
1741168565823 0.1025 59
1741168568140 0.7866 60
1741168570931 0.5382 61
1741168573351 0.3968 62
1741168576006 0.1513 63
1741168578849 0.514 64
1741168581220 0.4563 65
1741168584202 0.303 66
1741168588442 0.3898 67
1741168590803 0.2231 68
1741168593565 0.5288 69
1741168595367 0.0498 70
1741168597869 0.2949 71
1741168602290 0.456 72
1741168604725 0.158 73
1741168607571 0.018 74
1741168610071 0.084 75
1741168613715 0.3097 76
1741168616820 0.0348 77
1741168619660 0.2333 78
1741168622224 0.0218 79
1741168625628 0.1363 80
1741168629490 0.046 81
1741168631466 0.1006 82
1741168634238 0.1557 83
1741168636737 0.161 84
1741168639965 0.0061 85
1741168642210 0.1717 86
1741168644808 0.0099 87
1741168648405 0.0033 88
1741168650974 0.0029 89
1741168653448 0.1358 90
1741168656240 0.094 91
1741168658539 0.0033 92
1741168661028 0.1249 93
1741168664349 0.0027 94
1741168666673 0.0016 95
1741168670519 0.001 96
1741168672779 0.0942 97
1741168675846 0.0033 98
1741168678367 0.058 99
1741168680901 0.0013 100
1741168735012 0.001 101
1741168737521 0.0649 102
1741168739874 0.0008 103
1741168743289 0.0391 104
1741168746086 0.0015 105
1741168748405 0.0455 106
1741168750459 0.0005 107
1741168753082 0.0243 108
1741168755482 0.0013 109
1741168757347 0.0008 110
1741168761579 0.0002 111
1741168764626 0.016 112
1741168766873 0.0008 113
1741168769732 0.0195 114
1741168772147 0.0004 115
1741168774578 0.0008 116
1741168777319 0.0005 117
1741168779372 0.0095 118
1741168782623 0.0006 119
1741168784432 0.0102 120
1741168788001 0.0004 121
1741168791565 0.0004 122
1741168794612 0.0079 123
1741168797474 0.0063 124
1741168799371 0.0004 125
1741168801767 0.0005 126
1741168803522 0.0004 127
1741168806643 0.0046 128
1741168810459 0.0006 129
1741168813355 0.0044 130
1741168818194 0.004 131
1741168822352 0.0008 132
1741168824988 0.0005 133
1741168827625 0.0002 134
1741168830727 0.0051 135
1741168834897 0.0003 136
1741168837639 0.0007 137
1741168839372 0.0023 138
1741168842386 0.0021 139
1741168846965 0.0004 140
1741168850451 0.0022 141
1741168853046 0.0002 142
1741168855314 0.0003 143
1741168858630 0.0004 144
1741168861509 0.0018 145
1741168864986 0.0012 146
1741168867083 0.0003 147
1741168869809 0.0005 148
1741168873211 0.0006 149
1741168875611 0.0013 150
1741168879862 0.0021 151
1741168883208 0.0003 152
1741168886755 0.0004 153
1741168889882 0.0002 154
1741168894731 0.0005 155
1741168898709 0.0011 156
1741168901287 0.0008 157
1741168903482 0.0002 158
1741168906313 0.001 159
1741168908945 0.0002 160
1741168912735 0.0003 161
1741168915171 0.0009 162
1741168917396 0.0003 163
1741168919799 0.0006 164
1741168922461 0.0009 165
1741168926658 0.0007 166
1741168929000 0.001 167
1741168931949 0.0005 168
1741168934394 0.0003 169
1741168936211 0.0003 170
1741168938964 0.0008 171
1741168941000 0.0002 172
1741168945319 0.0009 173
1741168947561 0.0005 174
1741168950520 0.0005 175
1741168952752 0.0003 176
1741168955561 0.0012 177
1741168957962 0.0004 178
1741168960948 0.0003 179
1741168963842 0.0004 180
1741168966601 0.0008 181
1741168970353 0.0003 182
1741168973100 0.0007 183
1741168975916 0.0004 184
1741168978764 0.0003 185
1741168982199 0.0006 186
1741168984542 0.0007 187
1741168986906 0.0004 188
1741168989257 0.0004 189
1741168992569 0.0004 190
1741168994359 0.0004 191
1741168998107 0.0008 192
1741169001308 0.0006 193
1741169003901 0.0002 194
1741169006575 0.0006 195
1741169010437 0.0011 196
1741169012872 0.0004 197
1741169015576 0.0005 198
1741169017814 0.0002 199
1741169020257 0.0002 200
1741169073275 0.0006 201
1741169075654 0.0008 202
1741169078291 0.0003 203
1741169080632 0.0002 204
1741169084020 0.0003 205
1741169086352 0.0007 206
1741169088834 0.0004 207
1741169091098 0.0005 208
1741169095015 0.0003 209
1741169097897 0.0003 210
1741169100303 0.0004 211
1741169102804 0.0006 212
1741169105236 0.0002 213
1741169108351 0.0008 214
1741169111031 0.0002 215
1741169113455 0.0002 216
1741169116034 0.0002 217
1741169119218 0.0007 218
1741169122618 0.0008 219
1741169125754 0.0004 220
1741169128452 0.0007 221
1741169131204 0.0005 222
1741169134225 0.0003 223
1741169136387 0.0003 224
1741169138772 0.0004 225
1741169141202 0.0004 226
1741169144184 0.0002 227
1741169147068 0.0002 228
1741169149588 0.0004 229
1741169152751 0.0011 230
1741169155323 0.0002 231
1741169159423 0.0002 232
1741169163211 0.0011 233
1741169165666 0.0005 234
1741169169132 0.0003 235
1741169172212 0.0005 236
1741169175123 0.0007 237
1741169178269 0.0004 238
1741169181532 0.0003 239
1741169185122 0.0004 240
1741169187428 0.0007 241
1741169190908 0.0001 242
1741169193372 0.0003 243
1741169195813 0.0007 244
1741169198809 0.0006 245
1741169202084 0.0003 246
1741169204474 0.0003 247
1741169208153 0.001 248
1741169210678 0.0004 249
1741169213352 0.0003 250
