1741168404403 2.61892032623291 1
1741168408211 1.7473500967025757 2
1741168411440 1.9514038562774658 3
1741168414827 1.8727723360061646 4
1741168417694 2.5036442279815674 5
1741168422274 1.7255419492721558 6
1741168424450 2.3682456016540527 7
1741168428610 2.025479793548584 8
1741168432006 2.055976390838623 9
1741168434391 2.4374537467956543 10
1741168437347 1.877090334892273 11
1741168439389 2.1497857570648193 12
1741168441805 2.2299485206604004 13
1741168444888 1.584990382194519 14
1741168447355 1.865323781967163 15
1741168449985 1.5705698728561401 16
1741168452502 1.72194242477417 17
1741168455634 1.795882225036621 18
1741168458951 1.8251948356628418 19
1741168461923 1.664815902709961 20
1741168464134 1.7485620975494385 21
1741168467190 1.2963461875915527 22
1741168468957 1.234138011932373 23
1741168471681 1.7664915323257446 24
1741168474098 1.8166605234146118 25
1741168476604 1.2637593746185303 26
1741168478742 1.4210247993469238 27
1741168481843 1.4218521118164062 28
1741168485668 1.472773551940918 29
1741168488609 1.2198541164398193 30
1741168491310 1.257181167602539 31
1741168494522 1.5287227630615234 32
1741168497674 1.1248654127120972 33
1741168500066 1.3345696926116943 34
1741168503942 1.3138937950134277 35
1741168505750 1.1918656826019287 36
1741168508460 0.9145359992980957 37
1741168510308 0.9061280488967896 38
1741168514149 1.281261682510376 39
1741168516776 1.6078989505767822 40
1741168520210 0.6878117918968201 41
1741168522395 1.1040595769882202 42
1741168524825 0.8521881103515625 43
1741168527664 1.1187992095947266 44
1741168530066 0.971246600151062 45
1741168532804 1.166264295578003 46
1741168535302 0.569748044013977 47
1741168537768 0.6787230968475342 48
1741168539927 0.6839409470558167 49
1741168542171 0.966378927230835 50
1741168544946 0.8905807137489319 51
1741168547816 0.9453718662261963 52
1741168550818 0.5466569066047668 53
1741168553379 0.19123895466327667 54
1741168555573 0.7310399413108826 55
1741168558850 0.7240468263626099 56
1741168561937 0.6861847639083862 57
1741168563958 0.4636263847351074 58
1741168565823 0.053924039006233215 59
1741168568140 0.6256855726242065 60
1741168570931 0.4053589105606079 61
1741168573351 0.359274297952652 62
1741168576006 0.13560794293880463 63
1741168578849 0.49522751569747925 64
1741168581220 0.38172513246536255 65
1741168584202 0.17715294659137726 66
1741168588442 0.31718188524246216 67
1741168590803 0.14285016059875488 68
1741168593565 0.5473641753196716 69
1741168595367 0.01294522825628519 70
1741168597869 0.2446453720331192 71
1741168602290 0.40500277280807495 72
1741168604725 0.08898793905973434 73
1741168607571 0.012532263994216919 74
1741168610071 0.07107868045568466 75
1741168613715 0.2587011456489563 76
1741168616820 0.014848620630800724 77
1741168619660 0.23694062232971191 78
1741168622224 0.011212510988116264 79
1741168625628 0.08283931016921997 80
1741168629490 0.031218508258461952 81
1741168631466 0.04839658737182617 82
1741168634238 0.12381934374570847 83
1741168636737 0.16884377598762512 84
1741168639965 0.002726180711761117 85
1741168642210 0.12166424840688705 86
1741168644808 0.0034819801803678274 87
1741168648405 0.0011968278558924794 88
1741168650974 0.0012910030782222748 89
1741168653448 0.1293828785419464 90
1741168656240 0.06807181239128113 91
1741168658539 0.0018350330647081137 92
1741168661028 0.11013557761907578 93
1741168664349 0.0010405458742752671 94
1741168666673 0.0003886499907821417 95
1741168670519 0.00041567650623619556 96
1741168672779 0.07918108254671097 97
1741168675846 0.0013526263646781445 98
1741168678367 0.03560115396976471 99
1741168680901 0.00039770035073161125 100
1741168735012 0.0003489264054223895 101
1741168737521 0.04966525360941887 102
1741168739874 0.00019632861949503422 103
1741168743289 0.021785710006952286 104
1741168746086 0.00040087458910420537 105
1741168748405 0.031350623816251755 106
1741168750459 0.00010081854998134077 107
1741168753082 0.012286584824323654 108
1741168755482 0.0005288190441206098 109
1741168757347 0.00023771943233441561 110
1741168761579 2.95798326988006e-05 111
1741168764626 0.007526347413659096 112
1741168766873 0.0001891050487756729 113
1741168769732 0.011334197595715523 114
1741168772147 8.171926310751587e-05 115
1741168774578 0.00019846970099024475 116
1741168777319 0.00017260340973734856 117
1741168779372 0.003988015931099653 118
1741168782623 0.0002495282096788287 119
1741168784432 0.005541519727557898 120
1741168788001 7.841576007194817e-05 121
1741168791565 9.016743570100516e-05 122
1741168794612 0.004185900557786226 123
1741168797474 0.0025130254216492176 124
1741168799371 0.00011495315993670374 125
1741168801767 0.00010234638466499746 126
1741168803522 5.814101314172149e-05 127
1741168806643 0.0018454688834026456 128
1741168810459 0.00022766395704820752 129
1741168813355 0.002179739298298955 130
1741168818194 0.0019817587453871965 131
1741168822352 0.0003035544650629163 132
1741168824988 0.00011090392945334315 133
1741168827625 1.915326720336452e-05 134
1741168830727 0.0022683776915073395 135
1741168834897 6.856633262941614e-05 136
1741168837639 0.00022481998894363642 137
1741168839372 0.0008647681679576635 138
1741168842386 0.0010017561726272106 139
1741168846965 6.753907655365765e-05 140
1741168850451 0.0009877497795969248 141
1741168853046 4.260929927113466e-05 142
1741168855314 7.095095497788861e-05 143
1741168858630 7.343487231992185e-05 144
1741168861509 0.0006396176177076995 145
1741168864986 0.0005752381985075772 146
1741168867083 7.207722228486091e-05 147
1741168869809 0.000124142796266824 148
1741168873211 0.00017183716408908367 149
1741168875611 0.0004699176934082061 150
1741168879862 0.000855142017826438 151
1741168883208 6.86353596393019e-05 152
1741168886755 8.770245767664164e-05 153
1741168889882 4.45009209215641e-05 154
1741168894731 0.00017248804215341806 155
1741168898709 0.00038401715573854744 156
1741168901287 0.000260828819591552 157
1741168903482 1.1232004908379167e-05 158
1741168906313 0.0003762046108022332 159
1741168908945 4.3790005292976275e-05 160
1741168912735 4.844670183956623e-05 161
1741168915171 0.0003373867366462946 162
1741168917396 4.925324901705608e-05 163
1741168919799 0.00021025800378993154 164
1741168922461 0.00030985416378825903 165
1741168926658 0.0003112178819719702 166
1741168929000 0.0003611461725085974 167
1741168931949 0.000145906291436404 168
1741168934394 5.158201020094566e-05 169
1741168936211 4.520143193076365e-05 170
1741168938964 0.0003700679517351091 171
1741168941000 3.4853383112931624e-05 172
1741168945319 0.00030447926837950945 173
1741168947561 0.00011130454367958009 174
1741168950520 0.00014526401355396956 175
1741168952752 9.353994391858578e-05 176
1741168955561 0.0004866289091296494 177
1741168957962 0.00012357422383502126 178
1741168960948 6.421989382943138e-05 179
1741168963842 7.60936745791696e-05 180
1741168966601 0.00026449712458997965 181
1741168970353 0.0001187256712000817 182
1741168973100 0.00025407655630260706 183
1741168975916 0.00010323137394152582 184
1741168978764 6.46421976853162e-05 185
1741168982199 0.00024447368923574686 186
1741168984542 0.00023080797109287232 187
1741168986906 0.0001269558269996196 188
1741168989257 8.45028625917621e-05 189
1741168992569 0.00010858697351068258 190
1741168994359 0.00011279593309154734 191
1741168998107 0.0002864077687263489 192
1741169001308 0.00025954065495170653 193
1741169003901 2.901055631809868e-05 194
1741169006575 0.00016129924915730953 195
1741169010437 0.00042271314305253327 196
1741169012872 0.0001215431620948948 197
1741169015576 0.00012377880921121687 198
1741169017814 4.537720087682828e-05 199
1741169020257 3.0913994123693556e-05 200
1741169073275 0.00023755636357236654 201
1741169075654 0.0002513601793907583 202
1741169078291 0.00011385003745090216 203
1741169080632 6.44674219074659e-05 204
1741169084020 6.18883132119663e-05 205
1741169086352 0.00023318108287639916 206
1741169088834 0.00014144982560537755 207
1741169091098 0.00020720798056572676 208
1741169095015 5.8888577768811956e-05 209
1741169097897 7.268806803040206e-05 210
1741169100303 0.00014650409866590053 211
1741169102804 0.00023076764773577452 212
1741169105236 4.441984856384806e-05 213
1741169108351 0.00027496166876517236 214
1741169111031 1.3769913493888453e-05 215
1741169113455 3.2817803003126755e-05 216
1741169116034 4.3816999095724896e-05 217
1741169119218 0.0002824102120939642 218
1741169122618 0.0003021482261829078 219
1741169125754 6.922855391167104e-05 220
1741169128452 0.0002229393576271832 221
1741169131204 0.0002067557506961748 222
1741169134225 5.535530362976715e-05 223
1741169136387 6.733900954714045e-05 224
1741169138772 0.00014082452980801463 225
1741169141202 0.00010217077942797914 226
1741169144184 3.824614395853132e-05 227
1741169147068 1.7964684957405552e-05 228
1741169149588 0.00015516400162596256 229
1741169152751 0.0004091666778549552 230
1741169155323 3.9980586734600365e-05 231
1741169159423 3.4745178709272295e-05 232
1741169163211 0.0003909537917934358 233
1741169165666 0.0001829058164730668 234
1741169169132 5.777666956419125e-05 235
1741169172212 0.00020291317196097225 236
1741169175123 0.00021302673849277198 237
1741169178269 0.00013027418754063547 238
1741169181532 5.529713598662056e-05 239
1741169185122 0.0001008742765407078 240
1741169187428 0.0002476921654306352 241
1741169190908 2.9007009288761765e-05 242
1741169193372 5.397341737989336e-05 243
1741169195813 0.00020728375238832086 244
1741169198809 0.00018476341210771352 245
1741169202084 5.761165084550157e-05 246
1741169204474 8.480623364448547e-05 247
1741169208153 0.0003774490614887327 248
1741169210678 0.00012505421182140708 249
1741169213352 5.371774022933096e-05 250
