1741168404403 0.0 1
1741168408211 0.0 2
1741168411440 0.0 3
1741168414827 0.0 4
1741168417694 0.0 5
1741168422274 0.0 6
1741168424450 0.0 7
1741168428610 0.0 8
1741168432006 0.0 9
1741168434391 0.0 10
1741168437347 0.0 11
1741168439389 0.0 12
1741168441805 0.0 13
1741168444888 0.0 14
1741168447355 0.0 15
1741168449985 0.0 16
1741168452502 0.25 17
1741168455634 0.0 18
1741168458951 0.0 19
1741168461923 0.0 20
1741168464134 0.0 21
1741168467190 0.25 22
1741168468957 0.25 23
1741168471681 0.0 24
1741168474098 0.0 25
1741168476604 0.25 26
1741168478742 0.25 27
1741168481843 0.25 28
1741168485668 0.0 29
1741168488609 0.25 30
1741168491310 0.25 31
1741168494522 0.0 32
1741168497674 0.25 33
1741168500066 0.0 34
1741168503942 0.25 35
1741168505750 0.25 36
1741168508460 0.25 37
1741168510308 0.5 38
1741168514149 0.0 39
1741168516776 0.0 40
1741168520210 0.75 41
1741168522395 0.0 42
1741168524825 0.25 43
1741168527664 0.25 44
1741168530066 0.25 45
1741168532804 0.0 46
1741168535302 0.5 47
1741168537768 0.5 48
1741168539927 0.75 49
1741168542171 0.25 50
1741168544946 0.25 51
1741168547816 0.25 52
1741168550818 0.5 53
1741168553379 1.0 54
1741168555573 0.25 55
1741168558850 0.5 56
1741168561937 0.5 57
1741168563958 1.0 58
1741168565823 1.0 59
1741168568140 0.5 60
1741168570931 0.75 61
1741168573351 0.75 62
1741168576006 1.0 63
1741168578849 0.5 64
1741168581220 1.0 65
1741168584202 1.0 66
1741168588442 1.0 67
1741168590803 1.0 68
1741168593565 0.5 69
1741168595367 1.0 70
1741168597869 0.75 71
1741168602290 0.75 72
1741168604725 1.0 73
1741168607571 1.0 74
1741168610071 1.0 75
1741168613715 1.0 76
1741168616820 1.0 77
1741168619660 0.75 78
1741168622224 1.0 79
1741168625628 1.0 80
1741168629490 1.0 81
1741168631466 1.0 82
1741168634238 1.0 83
1741168636737 1.0 84
1741168639965 1.0 85
1741168642210 1.0 86
1741168644808 1.0 87
1741168648405 1.0 88
1741168650974 1.0 89
1741168653448 1.0 90
1741168656240 1.0 91
1741168658539 1.0 92
1741168661028 1.0 93
1741168664349 1.0 94
1741168666673 1.0 95
1741168670519 1.0 96
1741168672779 1.0 97
1741168675846 1.0 98
1741168678367 1.0 99
1741168680901 1.0 100
1741168735012 1.0 101
1741168737521 1.0 102
1741168739874 1.0 103
1741168743289 1.0 104
1741168746086 1.0 105
1741168748405 1.0 106
1741168750459 1.0 107
1741168753082 1.0 108
1741168755482 1.0 109
1741168757347 1.0 110
1741168761579 1.0 111
1741168764626 1.0 112
1741168766873 1.0 113
1741168769732 1.0 114
1741168772147 1.0 115
1741168774578 1.0 116
1741168777319 1.0 117
1741168779372 1.0 118
1741168782623 1.0 119
1741168784432 1.0 120
1741168788001 1.0 121
1741168791565 1.0 122
1741168794612 1.0 123
1741168797474 1.0 124
1741168799371 1.0 125
1741168801767 1.0 126
1741168803522 1.0 127
1741168806643 1.0 128
1741168810459 1.0 129
1741168813355 1.0 130
1741168818194 1.0 131
1741168822352 1.0 132
1741168824988 1.0 133
1741168827625 1.0 134
1741168830727 1.0 135
1741168834897 1.0 136
1741168837639 1.0 137
1741168839372 1.0 138
1741168842386 1.0 139
1741168846965 1.0 140
1741168850451 1.0 141
1741168853046 1.0 142
1741168855314 1.0 143
1741168858630 1.0 144
1741168861509 1.0 145
1741168864986 1.0 146
1741168867083 1.0 147
1741168869809 1.0 148
1741168873211 1.0 149
1741168875611 1.0 150
1741168879862 1.0 151
1741168883208 1.0 152
1741168886755 1.0 153
1741168889882 1.0 154
1741168894731 1.0 155
1741168898709 1.0 156
1741168901287 1.0 157
1741168903482 1.0 158
1741168906313 1.0 159
1741168908945 1.0 160
1741168912735 1.0 161
1741168915171 1.0 162
1741168917396 1.0 163
1741168919799 1.0 164
1741168922461 1.0 165
1741168926658 1.0 166
1741168929000 1.0 167
1741168931949 1.0 168
1741168934394 1.0 169
1741168936211 1.0 170
1741168938964 1.0 171
1741168941000 1.0 172
1741168945319 1.0 173
1741168947561 1.0 174
1741168950520 1.0 175
1741168952752 1.0 176
1741168955561 1.0 177
1741168957962 1.0 178
1741168960948 1.0 179
1741168963842 1.0 180
1741168966601 1.0 181
1741168970353 1.0 182
1741168973100 1.0 183
1741168975916 1.0 184
1741168978764 1.0 185
1741168982199 1.0 186
1741168984542 1.0 187
1741168986906 1.0 188
1741168989257 1.0 189
1741168992569 1.0 190
1741168994359 1.0 191
1741168998107 1.0 192
1741169001308 1.0 193
1741169003901 1.0 194
1741169006575 1.0 195
1741169010437 1.0 196
1741169012872 1.0 197
1741169015576 1.0 198
1741169017814 1.0 199
1741169020257 1.0 200
1741169073275 1.0 201
1741169075654 1.0 202
1741169078291 1.0 203
1741169080632 1.0 204
1741169084020 1.0 205
1741169086352 1.0 206
1741169088834 1.0 207
1741169091098 1.0 208
1741169095015 1.0 209
1741169097897 1.0 210
1741169100303 1.0 211
1741169102804 1.0 212
1741169105236 1.0 213
1741169108351 1.0 214
1741169111031 1.0 215
1741169113455 1.0 216
1741169116034 1.0 217
1741169119218 1.0 218
1741169122618 1.0 219
1741169125754 1.0 220
1741169128452 1.0 221
1741169131204 1.0 222
1741169134225 1.0 223
1741169136387 1.0 224
1741169138772 1.0 225
1741169141202 1.0 226
1741169144184 1.0 227
1741169147068 1.0 228
1741169149588 1.0 229
1741169152751 1.0 230
1741169155323 1.0 231
1741169159423 1.0 232
1741169163211 1.0 233
1741169165666 1.0 234
1741169169132 1.0 235
1741169172212 1.0 236
1741169175123 1.0 237
1741169178269 1.0 238
1741169181532 1.0 239
1741169185122 1.0 240
1741169187428 1.0 241
1741169190908 1.0 242
1741169193372 1.0 243
1741169195813 1.0 244
1741169198809 1.0 245
1741169202084 1.0 246
1741169204474 1.0 247
1741169208153 1.0 248
1741169210678 1.0 249
1741169213352 1.0 250
