1741168404403 -0.2554599940776825 1
1741168408211 -0.28514495491981506 2
1741168411440 -0.19048868119716644 3
1741168414827 -0.2301318645477295 4
1741168417694 -0.22720572352409363 5
1741168422274 -0.25190767645835876 6
1741168424450 -0.25403279066085815 7
1741168428610 -0.24943889677524567 8
1741168432006 -0.1794714480638504 9
1741168434391 -0.22890600562095642 10
1741168437347 -0.19871632754802704 11
1741168439389 -0.24537625908851624 12
1741168441805 -0.19937282800674438 13
1741168444888 -0.20583301782608032 14
1741168447355 -0.2173122763633728 15
1741168449985 -0.16301818192005157 16
1741168452502 -0.18472030758857727 17
1741168455634 -0.20470120012760162 18
1741168458951 -0.2020883709192276 19
1741168461923 -0.15413621068000793 20
1741168464134 -0.14662420749664307 21
1741168467190 -0.13876810669898987 22
1741168468957 -0.17908865213394165 23
1741168471681 -0.2015063464641571 24
1741168474098 -0.1332443356513977 25
1741168476604 -0.16520780324935913 26
1741168478742 -0.1410558968782425 27
1741168481843 -0.1402861624956131 28
1741168485668 -0.13528336584568024 29
1741168488609 -0.12120649963617325 30
1741168491310 -0.12439171224832535 31
1741168494522 -0.11596113443374634 32
1741168497674 -0.12605702877044678 33
1741168500066 -0.12567265331745148 34
1741168503942 -0.10402260720729828 35
1741168505750 -0.10029895603656769 36
1741168508460 -0.11381769180297852 37
1741168510308 -0.08918345719575882 38
1741168514149 -0.10031922161579132 39
1741168516776 -0.11648599058389664 40
1741168520210 -0.0893787294626236 41
1741168522395 -0.10145290940999985 42
1741168524825 -0.07372849434614182 43
1741168527664 -0.07269129902124405 44
1741168530066 -0.10268400609493256 45
1741168532804 -0.0812915712594986 46
1741168535302 -0.05430460721254349 47
1741168537768 -0.06043562293052673 48
1741168539927 -0.08763688057661057 49
1741168542171 -0.07923631370067596 50
1741168544946 -0.077271968126297 51
1741168547816 -0.07964856922626495 52
1741168550818 -0.05712389945983887 53
1741168553379 -0.0252067968249321 54
1741168555573 -0.06533372402191162 55
1741168558850 -0.06616069376468658 56
1741168561937 -0.0528523251414299 57
1741168563958 -0.05945615842938423 58
1741168565823 -0.00971321389079094 59
1741168568140 -0.07240249216556549 60
1741168570931 -0.04976683109998703 61
1741168573351 -0.036092083901166916 62
1741168576006 -0.01377500593662262 63
1741168578849 -0.04644989222288132 64
1741168581220 -0.04181206226348877 65
1741168584202 -0.02853323519229889 66
1741168588442 -0.03580658137798309 67
1741168590803 -0.02087761089205742 68
1741168593565 -0.04740871489048004 69
1741168595367 -0.004853270016610622 70
1741168597869 -0.027048185467720032 71
1741168602290 -0.04154754430055618 72
1741168604725 -0.014909262768924236 73
1741168607571 -0.0016794406110420823 74
1741168610071 -0.007691636215895414 75
1741168613715 -0.028383610770106316 76
1741168616820 -0.003331328509375453 77
1741168619660 -0.020959720015525818 78
1741168622224 -0.0020669829100370407 79
1741168625628 -0.01280013658106327 80
1741168629490 -0.004288233816623688 81
1741168631466 -0.009579616598784924 82
1741168634238 -0.014333453960716724 83
1741168636737 -0.014411145821213722 84
1741168639965 -0.000581291620619595 85
1741168642210 -0.015956347808241844 86
1741168644808 -0.0009515474084764719 87
1741168648405 -0.0003164531954098493 88
1741168650974 -0.00028055335860699415 89
1741168653448 -0.012290090322494507 90
1741168656240 -0.008723230101168156 91
1741168658539 -0.0003084622439928353 92
1741168661028 -0.01138937659561634 93
1741168664349 -0.0002601050364319235 94
1741168666673 -0.00015690000145696104 95
1741168670519 -9.181286441162229e-05 96
1741168672779 -0.008624130859971046 97
1741168675846 -0.0003183629014529288 98
1741168678367 -0.005439091008156538 99
1741168680901 -0.00013093338930048048 100
1741168735012 -9.274738113163039e-05 101
1741168737521 -0.005990731995552778 102
1741168739874 -8.292174607049674e-05 103
1741168743289 -0.0036928155459463596 104
1741168746086 -0.00014589319471269846 105
1741168748405 -0.004235920030623674 106
1741168750459 -5.3137635404709727e-05 107
1741168753082 -0.0023091835901141167 108
1741168755482 -0.00012223560770507902 109
1741168757347 -7.802738400641829e-05 110
1741168761579 -1.755023913574405e-05 111
1741168764626 -0.0015278785722330213 112
1741168766873 -8.059715764829889e-05 113
1741168769732 -0.00183522654697299 114
1741168772147 -4.296693441574462e-05 115
1741168774578 -7.819333404768258e-05 116
1741168777319 -4.650277696782723e-05 117
1741168779372 -0.0009079998708330095 118
1741168782623 -6.207903061294928e-05 119
1741168784432 -0.0009681314113549888 120
1741168788001 -3.7592155422316864e-05 121
1741168791565 -3.9466591260861605e-05 122
1741168794612 -0.000752162653952837 123
1741168797474 -0.0006056279526092112 124
1741168799371 -4.382832412375137e-05 125
1741168801767 -4.9790400225901976e-05 126
1741168803522 -3.578856194508262e-05 127
1741168806643 -0.00044211576459929347 128
1741168810459 -5.875230272067711e-05 129
1741168813355 -0.00041962589602917433 130
1741168818194 -0.000383882928872481 131
1741168822352 -7.814246055204421e-05 132
1741168824988 -4.5818276703357697e-05 133
1741168827625 -2.162607961508911e-05 134
1741168830727 -0.000483893760247156 135
1741168834897 -2.9852775696781464e-05 136
1741168837639 -6.315326027106494e-05 137
1741168839372 -0.00022579709184356034 138
1741168842386 -0.00020457070786505938 139
1741168846965 -3.5807832318823785e-05 140
1741168850451 -0.0002059492835542187 141
1741168853046 -2.1698881027987227e-05 142
1741168855314 -3.0376679205801338e-05 143
1741168858630 -3.9475748053519055e-05 144
1741168861509 -0.0001734982361085713 145
1741168864986 -0.00011736130545614287 146
1741168867083 -3.226867556804791e-05 147
1741168869809 -4.549431105260737e-05 148
1741168873211 -5.8147106756223366e-05 149
1741168875611 -0.00012717582285404205 150
1741168879862 -0.00020111184858251363 151
1741168883208 -3.22555897582788e-05 152
1741168886755 -3.5305543860886246e-05 153
1741168889882 -2.4496001060470007e-05 154
1741168894731 -5.142504596733488e-05 155
1741168898709 -0.0001041146824718453 156
1741168901287 -7.654084038222209e-05 157
1741168903482 -1.6378417058149353e-05 158
1741168906313 -9.336083166999742e-05 159
1741168908945 -2.0215804397594184e-05 160
1741168912735 -3.0110953957773745e-05 161
1741168915171 -8.174814865924418e-05 162
1741168917396 -2.6791989512275904e-05 163
1741168919799 -5.716241867048666e-05 164
1741168922461 -9.020457946462557e-05 165
1741168926658 -7.126548007363454e-05 166
1741168929000 -9.942430187948048e-05 167
1741168931949 -4.436442759470083e-05 168
1741168934394 -2.5342334993183613e-05 169
1741168936211 -2.9839011403964832e-05 170
1741168938964 -7.921278302092105e-05 171
1741168941000 -1.7887768990476616e-05 172
1741168945319 -8.576011896366253e-05 173
1741168947561 -4.599832391249947e-05 174
1741168950520 -4.973221439286135e-05 175
1741168952752 -3.070908860536292e-05 176
1741168955561 -0.00011889200686709955 177
1741168957962 -3.862944504362531e-05 178
1741168960948 -3.4297918318770826e-05 179
1741168963842 -3.485103661660105e-05 180
1741168966601 -8.048870222410187e-05 181
1741168970353 -3.192307849531062e-05 182
1741168973100 -6.769039464415982e-05 183
1741168975916 -3.515246498864144e-05 184
1741168978764 -3.369169280631468e-05 185
1741168982199 -5.984788003843278e-05 186
1741168984542 -6.670476432191208e-05 187
1741168986906 -4.321937376516871e-05 188
1741168989257 -3.691026722663082e-05 189
1741168992569 -3.8679299905197695e-05 190
1741168994359 -3.777552774408832e-05 191
1741168998107 -7.667097816010937e-05 192
1741169001308 -5.958447582088411e-05 193
1741169003901 -1.9160683223162778e-05 194
1741169006575 -5.671884719049558e-05 195
1741169010437 -0.00010711348295444623 196
1741169012872 -3.585726153687574e-05 197
1741169015576 -4.618009552359581e-05 198
1741169017814 -2.4165945433196612e-05 199
1741169020257 -1.6795116607681848e-05 200
1741169073275 -5.944944859948009e-05 201
1741169075654 -8.118363621179014e-05 202
1741169078291 -3.232991002732888e-05 203
1741169080632 -2.081312231894117e-05 204
1741169084020 -2.8951248168596067e-05 205
1741169086352 -7.21035321475938e-05 206
1741169088834 -3.875090624205768e-05 207
1741169091098 -4.9251615564571694e-05 208
1741169095015 -3.0741382943233475e-05 209
1741169097897 -2.93382145173382e-05 210
1741169100303 -4.319306754041463e-05 211
1741169102804 -5.872689507668838e-05 212
1741169105236 -2.372712333453819e-05 213
1741169108351 -8.009898010641336e-05 214
1741169111031 -1.6741041690693237e-05 215
1741169113455 -2.1732814275310375e-05 216
1741169116034 -2.1575120626948774e-05 217
1741169119218 -6.848065095255151e-05 218
1741169122618 -7.834168354747817e-05 219
1741169125754 -3.831431604339741e-05 220
1741169128452 -6.95835697115399e-05 221
1741169131204 -5.088575926492922e-05 222
1741169134225 -2.5866160285659134e-05 223
1741169136387 -2.5820154405664653e-05 224
1741169138772 -4.107622226001695e-05 225
1741169141202 -4.384834028314799e-05 226
1741169144184 -1.5760097085149027e-05 227
1741169147068 -1.8797119992086664e-05 228
1741169149588 -4.226433884468861e-05 229
1741169152751 -0.00010403049236629158 230
1741169155323 -1.5120263014978264e-05 231
1741169159423 -2.3113600036595017e-05 232
1741169163211 -0.00010184853454120457 233
1741169165666 -4.9509661039337516e-05 234
1741169169132 -2.737116301432252e-05 235
1741169172212 -4.697465556091629e-05 236
1741169175123 -6.365420995280147e-05 237
1741169178269 -3.9769398426869884e-05 238
1741169181532 -3.106342046521604e-05 239
1741169185122 -3.433549136389047e-05 240
1741169187428 -6.762218254152685e-05 241
1741169190908 -1.0759535143733956e-05 242
1741169193372 -2.990812026837375e-05 243
1741169195813 -6.449899228755385e-05 244
1741169198809 -5.358196358429268e-05 245
1741169202084 -2.4732389647397213e-05 246
1741169204474 -3.245094194426201e-05 247
1741169208153 -9.402076830156147e-05 248
1741169210678 -3.92150177503936e-05 249
1741169213352 -2.491725535946898e-05 250
