1741168404403 -0.1891675442457199 1
1741168408211 -0.13031364977359772 2
1741168411440 -0.11273850500583649 3
1741168414827 -0.11490210890769958 4
1741168417694 -0.16836656630039215 5
1741168422274 -0.11000090837478638 6
1741168424450 -0.1624109447002411 7
1741168428610 -0.13771486282348633 8
1741168432006 -0.12236642837524414 9
1741168434391 -0.1670067012310028 10
1741168437347 -0.11276018619537354 11
1741168439389 -0.14952673017978668 12
1741168441805 -0.1412333995103836 13
1741168444888 -0.0810353010892868 14
1741168447355 -0.12007828056812286 15
1741168449985 -0.08209928870201111 16
1741168452502 -0.0811920315027237 17
1741168455634 -0.11067786812782288 18
1741168458951 -0.11423870921134949 19
1741168461923 -0.08628358691930771 20
1741168464134 -0.09207306057214737 21
1741168467190 -0.04560035467147827 22
1741168468957 -0.051702868193387985 23
1741168471681 -0.11169756948947906 24
1741168474098 -0.09003409743309021 25
1741168476604 -0.044477734714746475 26
1741168478742 -0.06033456698060036 27
1741168481843 -0.065731480717659 28
1741168485668 -0.06756795942783356 29
1741168488609 -0.030460631474852562 30
1741168491310 -0.032132551074028015 31
1741168494522 -0.06808818876743317 32
1741168497674 -0.03788338601589203 33
1741168500066 -0.05419967323541641 34
1741168503942 -0.03507302328944206 35
1741168505750 -0.026653099805116653 36
1741168508460 0.0023460891097784042 37
1741168510308 -0.009191588498651981 38
1741168514149 -0.047416165471076965 39
1741168516776 -0.07149633765220642 40
1741168520210 0.0151286656036973 41
1741168522395 -0.038295283913612366 42
1741168524825 0.019956544041633606 43
1741168527664 -0.005974317900836468 44
1741168530066 -0.018292371183633804 45
1741168532804 -0.0360773466527462 46
1741168535302 0.04560370370745659 47
1741168537768 0.04230578616261482 48
1741168539927 0.017643732950091362 49
1741168542171 -0.019582407549023628 50
1741168544946 -0.008653511293232441 51
1741168547816 -0.018272068351507187 52
1741168550818 0.05481192097067833 53
1741168553379 0.11717162281274796 54
1741168555573 -0.0007741376757621765 55
1741168558850 0.027213027700781822 56
1741168561937 0.010211480781435966 57
1741168563958 0.03234619274735451 58
1741168565823 0.16896861791610718 59
1741168568140 0.006331289187073708 60
1741168570931 0.07101680338382721 61
1741168573351 0.08001582324504852 62
1741168576006 0.08427266776561737 63
1741168578849 0.09081712365150452 64
1741168581220 0.0345936194062233 65
1741168584202 0.13690528273582458 66
1741168588442 0.03878508508205414 67
1741168590803 0.10777304321527481 68
1741168593565 0.03557406738400459 69
1741168595367 0.16218210756778717 70
1741168597869 0.0876634418964386 71
1741168602290 0.07863616198301315 72
1741168604725 0.15785744786262512 73
1741168607571 0.11810605973005295 74
1741168610071 0.12196850031614304 75
1741168613715 0.12640196084976196 76
1741168616820 0.12792928516864777 77
1741168619660 0.10112185776233673 78
1741168622224 0.13507965207099915 79
1741168625628 0.12246285378932953 80
1741168629490 0.19332966208457947 81
1741168631466 0.12240065634250641 82
1741168634238 0.1027803122997284 83
1741168636737 0.11370167136192322 84
1741168639965 0.24622842669487 85
1741168642210 0.12204551696777344 86
1741168644808 0.16222518682479858 87
1741168648405 0.22627043724060059 88
1741168650974 0.1540282815694809 89
1741168653448 0.14299479126930237 90
1741168656240 0.2441234290599823 91
1741168658539 0.15311799943447113 92
1741168661028 0.12680678069591522 93
1741168664349 0.14083829522132874 94
1741168666673 0.17018604278564453 95
1741168670519 0.16143764555454254 96
1741168672779 0.1498359888792038 97
1741168675846 0.17478075623512268 98
1741168678367 0.2187955677509308 99
1741168680901 0.19929838180541992 100
1741168735012 0.15689346194267273 101
1741168737521 0.2212841808795929 102
1741168739874 0.2079421877861023 103
1741168743289 0.12541960179805756 104
1741168746086 0.20543350279331207 105
1741168748405 0.18992149829864502 106
1741168750459 0.27792343497276306 107
1741168753082 0.1858007311820984 108
1741168755482 0.12821492552757263 109
1741168757347 0.1726921945810318 110
1741168761579 0.2980841398239136 111
1741168764626 0.12416702508926392 112
1741168766873 0.21425166726112366 113
1741168769732 0.14991924166679382 114
1741168772147 0.19823212921619415 115
1741168774578 0.20139677822589874 116
1741168777319 0.18967624008655548 117
1741168779372 0.15871520340442657 118
1741168782623 0.25004658102989197 119
1741168784432 0.18708284199237823 120
1741168788001 0.3001388907432556 121
1741168791565 0.20820723474025726 122
1741168794612 0.14425110816955566 123
1741168797474 0.14969652891159058 124
1741168799371 0.23424015939235687 125
1741168801767 0.1991407424211502 126
1741168803522 0.2294376790523529 127
1741168806643 0.22953946888446808 128
1741168810459 0.15596672892570496 129
1741168813355 0.21750104427337646 130
1741168818194 0.16766558587551117 131
1741168822352 0.15671776235103607 132
1741168824988 0.16078905761241913 133
1741168827625 0.28390365839004517 134
1741168830727 0.23183882236480713 135
1741168834897 0.2955235242843628 136
1741168837639 0.1843511164188385 137
1741168839372 0.18901994824409485 138
1741168842386 0.15821103751659393 139
1741168846965 0.1873210370540619 140
1741168850451 0.14974704384803772 141
1741168853046 0.18183313310146332 142
1741168855314 0.24240225553512573 143
1741168858630 0.28579241037368774 144
1741168861509 0.16656425595283508 145
1741168864986 0.15935170650482178 146
1741168867083 0.2641567289829254 147
1741168869809 0.22101378440856934 148
1741168873211 0.193057581782341 149
1741168875611 0.1845473349094391 150
1741168879862 0.1343996524810791 151
1741168883208 0.21934324502944946 152
1741168886755 0.2916463613510132 153
1741168889882 0.21345752477645874 154
1741168894731 0.17246538400650024 155
1741168898709 0.1545683592557907 156
1741168901287 0.14631153643131256 157
1741168903482 0.3542889952659607 158
1741168906313 0.16713720560073853 159
1741168908945 0.21224257349967957 160
1741168912735 0.297666072845459 161
1741168915171 0.16218814253807068 162
1741168917396 0.22479836642742157 163
1741168919799 0.16855046153068542 164
1741168922461 0.21281787753105164 165
1741168926658 0.1929188221693039 166
1741168929000 0.1610536128282547 167
1741168931949 0.2722449004650116 168
1741168934394 0.21460871398448944 169
1741168936211 0.24922335147857666 170
1741168938964 0.1429273933172226 171
1741168941000 0.24973803758621216 172
1741168945319 0.2413223385810852 173
1741168947561 0.19413578510284424 174
1741168950520 0.20415060222148895 175
1741168952752 0.24137628078460693 176
1741168955561 0.23851852118968964 177
1741168957962 0.17962345480918884 178
1741168960948 0.1996946781873703 179
1741168963842 0.18526650965213776 180
1741168966601 0.1978534758090973 181
1741168970353 0.2012491375207901 182
1741168973100 0.18976756930351257 183
1741168975916 0.19774851202964783 184
1741168978764 0.2857955992221832 185
1741168982199 0.24092981219291687 186
1741168984542 0.257058322429657 187
1741168986906 0.20528557896614075 188
1741168989257 0.17360593378543854 189
1741168992569 0.1718163639307022 190
1741168994359 0.21616141498088837 191
1741168998107 0.18118217587471008 192
1741169001308 0.13394908607006073 193
1741169003901 0.3262128233909607 194
1741169006575 0.1790877878665924 195
1741169010437 0.1830727905035019 196
1741169012872 0.21798914670944214 197
1741169015576 0.17587719857692719 198
1741169017814 0.2183779627084732 199
1741169020257 0.2778953015804291 200
1741169073275 0.16933704912662506 201
1741169075654 0.18338124454021454 202
1741169078291 0.20385123789310455 203
1741169080632 0.31141817569732666 204
1741169084020 0.1729854941368103 205
1741169086352 0.21133020520210266 206
1741169088834 0.1427830159664154 207
1741169091098 0.2113180160522461 208
1741169095015 0.28710848093032837 209
1741169097897 0.23571990430355072 210
1741169100303 0.1601112186908722 211
1741169102804 0.16026897728443146 212
1741169105236 0.27687975764274597 213
1741169108351 0.1737087070941925 214
1741169111031 0.2940073013305664 215
1741169113455 0.3348769247531891 216
1741169116034 0.17434144020080566 217
1741169119218 0.164899542927742 218
1741169122618 0.17702901363372803 219
1741169125754 0.20066483318805695 220
1741169128452 0.2755851745605469 221
1741169131204 0.18046320974826813 222
1741169134225 0.2011452168226242 223
1741169136387 0.24323077499866486 224
1741169138772 0.24373365938663483 225
1741169141202 0.16289791464805603 226
1741169144184 0.24891968071460724 227
1741169147068 0.2676577568054199 228
1741169149588 0.20354562997817993 229
1741169152751 0.1663624346256256 230
1741169155323 0.16870589554309845 231
1741169159423 0.32406601309776306 232
1741169163211 0.18349990248680115 233
1741169165666 0.15509092807769775 234
1741169169132 0.21307843923568726 235
1741169172212 0.21158702671527863 236
1741169175123 0.21678081154823303 237
1741169178269 0.168710857629776 238
1741169181532 0.2819943130016327 239
1741169185122 0.16506239771842957 240
1741169187428 0.17273357510566711 241
1741169190908 0.29453936219215393 242
1741169193372 0.22531470656394958 243
1741169195813 0.1979595422744751 244
1741169198809 0.1600056290626526 245
1741169202084 0.20466938614845276 246
1741169204474 0.22294175624847412 247
1741169208153 0.25736188888549805 248
1741169210678 0.19059711694717407 249
1741169213352 0.16887933015823364 250
