1741168404403 -0.06629243493080139 1
1741168408211 -0.15483130514621735 2
1741168411440 -0.07775016129016876 3
1741168414827 -0.11522974818944931 4
1741168417694 -0.05883914604783058 5
1741168422274 -0.14190678298473358 6
1741168424450 -0.09162182360887527 7
1741168428610 -0.11172403395175934 8
1741168432006 -0.05710501968860626 9
1741168434391 -0.061899296939373016 10
1741168437347 -0.0859561413526535 11
1741168439389 -0.09584952890872955 12
1741168441805 -0.058139413595199585 13
1741168444888 -0.12479772418737411 14
1741168447355 -0.09723398834466934 15
1741168449985 -0.08091889321804047 16
1741168452502 -0.10352826118469238 17
1741168455634 -0.09402333199977875 18
1741168458951 -0.08784964680671692 19
1741168461923 -0.06785262376070023 20
1741168464134 -0.0545511357486248 21
1741168467190 -0.0931677594780922 22
1741168468957 -0.12738578021526337 23
1741168471681 -0.08980879187583923 24
1741168474098 -0.043210241943597794 25
1741168476604 -0.12073007225990295 26
1741168478742 -0.08072134107351303 27
1741168481843 -0.0745546817779541 28
1741168485668 -0.06771539151668549 29
1741168488609 -0.09074587374925613 30
1741168491310 -0.09225916862487793 31
1741168494522 -0.04787294194102287 32
1741168497674 -0.08817365020513535 33
1741168500066 -0.07147298008203506 34
1741168503942 -0.06894958019256592 35
1741168505750 -0.07364585250616074 36
1741168508460 -0.11616378277540207 37
1741168510308 -0.07999186962842941 38
1741168514149 -0.052903056144714355 39
1741168516776 -0.044989656656980515 40
1741168520210 -0.10450740158557892 41
1741168522395 -0.06315761804580688 42
1741168524825 -0.09368503838777542 43
1741168527664 -0.06671697646379471 44
1741168530066 -0.08439163863658905 45
1741168532804 -0.045214224606752396 46
1741168535302 -0.09990831464529037 47
1741168537768 -0.10274140536785126 48
1741168539927 -0.10528061538934708 49
1741168542171 -0.059653911739587784 50
1741168544946 -0.06861845403909683 51
1741168547816 -0.06137649714946747 52
1741168550818 -0.1119358167052269 53
1741168553379 -0.14237841963768005 54
1741168555573 -0.06455958634614944 55
1741168558850 -0.09337373077869415 56
1741168561937 -0.06306380033493042 57
1741168563958 -0.09180235862731934 58
1741168565823 -0.17868182063102722 59
1741168568140 -0.07873377948999405 60
1741168570931 -0.12078364193439484 61
1741168573351 -0.11610790342092514 62
1741168576006 -0.09804767370223999 63
1741168578849 -0.13726700842380524 64
1741168581220 -0.07640568166971207 65
1741168584202 -0.16543851792812347 66
1741168588442 -0.07459166646003723 67
1741168590803 -0.12865065038204193 68
1741168593565 -0.08298278599977493 69
1741168595367 -0.16703535616397858 70
1741168597869 -0.11471163481473923 71
1741168602290 -0.12018370628356934 72
1741168604725 -0.17276670038700104 73
1741168607571 -0.11978548765182495 74
1741168610071 -0.12966012954711914 75
1741168613715 -0.15478558838367462 76
1741168616820 -0.13126060366630554 77
1741168619660 -0.12208157777786255 78
1741168622224 -0.13714663684368134 79
1741168625628 -0.13526299595832825 80
1741168629490 -0.19761788845062256 81
1741168631466 -0.1319802850484848 82
1741168634238 -0.11711376905441284 83
1741168636737 -0.1281128078699112 84
1741168639965 -0.246809720993042 85
1741168642210 -0.13800187408924103 86
1741168644808 -0.16317671537399292 87
1741168648405 -0.22658689320087433 88
1741168650974 -0.15430882573127747 89
1741168653448 -0.15528488159179688 90
1741168656240 -0.2528466582298279 91
1741168658539 -0.15342645347118378 92
1741168661028 -0.13819614052772522 93
1741168664349 -0.14109839498996735 94
1741168666673 -0.17034295201301575 95
1741168670519 -0.16152945160865784 96
1741168672779 -0.1584601104259491 97
1741168675846 -0.17509910464286804 98
1741168678367 -0.2242346554994583 99
1741168680901 -0.19942931830883026 100
1741168735012 -0.15698620676994324 101
1741168737521 -0.22727492451667786 102
1741168739874 -0.20802511274814606 103
1741168743289 -0.12911242246627808 104
1741168746086 -0.20557940006256104 105
1741168748405 -0.1941574215888977 106
1741168750459 -0.2779765725135803 107
1741168753082 -0.18810990452766418 108
1741168755482 -0.12833715975284576 109
1741168757347 -0.17277021706104279 110
1741168761579 -0.2981016933917999 111
1741168764626 -0.1256949007511139 112
1741168766873 -0.21433226764202118 113
1741168769732 -0.1517544686794281 114
1741168772147 -0.1982751041650772 115
1741168774578 -0.20147494971752167 116
1741168777319 -0.18972276151180267 117
1741168779372 -0.15962320566177368 118
1741168782623 -0.25010865926742554 119
1741168784432 -0.18805097043514252 120
1741168788001 -0.3001765012741089 121
1741168791565 -0.20824669301509857 122
1741168794612 -0.1450032889842987 123
1741168797474 -0.15030217170715332 124
1741168799371 -0.23428398370742798 125
1741168801767 -0.19919054210186005 126
1741168803522 -0.22947347164154053 127
1741168806643 -0.22998160123825073 128
1741168810459 -0.1560254991054535 129
1741168813355 -0.21792066097259521 130
1741168818194 -0.16804946959018707 131
1741168822352 -0.1567959040403366 132
1741168824988 -0.1608348935842514 133
1741168827625 -0.28392529487609863 134
1741168830727 -0.23232270777225494 135
1741168834897 -0.29555338621139526 136
1741168837639 -0.18441426753997803 137
1741168839372 -0.18924574553966522 138
1741168842386 -0.15841561555862427 139
1741168846965 -0.1873568296432495 140
1741168850451 -0.1499529927968979 141
1741168853046 -0.18185484409332275 142
1741168855314 -0.2424326092004776 143
1741168858630 -0.28583186864852905 144
1741168861509 -0.16673776507377625 145
1741168864986 -0.15946906805038452 146
1741168867083 -0.2641890048980713 147
1741168869809 -0.22105929255485535 148
1741168873211 -0.1931157112121582 149
1741168875611 -0.18467451632022858 150
1741168879862 -0.13460075855255127 151
1741168883208 -0.21937549114227295 152
1741168886755 -0.2916816473007202 153
1741168889882 -0.21348202228546143 154
1741168894731 -0.17251679301261902 155
1741168898709 -0.15467247366905212 156
1741168901287 -0.14638806879520416 157
1741168903482 -0.3543053865432739 158
1741168906313 -0.16723056137561798 159
1741168908945 -0.21226279437541962 160
1741168912735 -0.29769620299339294 161
1741168915171 -0.16226989030838013 162
1741168917396 -0.2248251736164093 163
1741168919799 -0.16860762238502502 164
1741168922461 -0.2129080891609192 165
1741168926658 -0.19299009442329407 166
1741168929000 -0.16115304827690125 167
1741168931949 -0.2722892761230469 168
1741168934394 -0.21463407576084137 169
1741168936211 -0.24925319850444794 170
1741168938964 -0.1430066078901291 171
1741168941000 -0.24975593388080597 172
1741168945319 -0.241408109664917 173
1741168947561 -0.19418178498744965 174
1741168950520 -0.20420032739639282 175
1741168952752 -0.24140697717666626 176
1741168955561 -0.23863743245601654 177
1741168957962 -0.1796620786190033 178
1741168960948 -0.19972898066043854 179
1741168963842 -0.18530136346817017 180
1741168966601 -0.19793397188186646 181
1741168970353 -0.20128105580806732 182
1741168973100 -0.18983526527881622 183
1741168975916 -0.1977836787700653 184
1741168978764 -0.2858292758464813 185
1741168982199 -0.24098965525627136 186
1741168984542 -0.25712504982948303 187
1741168986906 -0.2053287923336029 188
1741168989257 -0.1736428439617157 189
1741168992569 -0.17185506224632263 190
1741168994359 -0.21619917452335358 191
1741168998107 -0.18125884234905243 192
1741169001308 -0.13400866091251373 193
1741169003901 -0.32623201608657837 194
1741169006575 -0.17914451658725739 195
1741169010437 -0.18317991495132446 196
1741169012872 -0.21802496910095215 197
1741169015576 -0.17592337727546692 198
1741169017814 -0.21840214729309082 199
1741169020257 -0.27791208028793335 200
1741169073275 -0.1693965047597885 201
1741169075654 -0.18346241116523743 202
1741169078291 -0.2038835734128952 203
1741169080632 -0.31143897771835327 204
1741169084020 -0.17301444709300995 205
1741169086352 -0.2114023119211197 206
1741169088834 -0.1428217887878418 207
1741169091098 -0.21136727929115295 208
1741169095015 -0.28713923692703247 209
1741169097897 -0.2357492446899414 210
1741169100303 -0.16015440225601196 211
1741169102804 -0.1603277027606964 212
1741169105236 -0.2769034504890442 213
1741169108351 -0.17378881573677063 214
1741169111031 -0.2940240204334259 215
1741169113455 -0.3348986506462097 216
1741169116034 -0.17436300218105316 217
1741169119218 -0.16496801376342773 218
1741169122618 -0.17710734903812408 219
1741169125754 -0.20070314407348633 220
1741169128452 -0.27565476298332214 221
1741169131204 -0.18051409721374512 222
1741169134225 -0.20117107033729553 223
1741169136387 -0.2432565987110138 224
1741169138772 -0.24377474188804626 225
1741169141202 -0.16294176876544952 226
1741169144184 -0.24893546104431152 227
1741169147068 -0.26767656207084656 228
1741169149588 -0.20358788967132568 229
1741169152751 -0.16646647453308105 230
1741169155323 -0.168721005320549 231
1741169159423 -0.3240891396999359 232
1741169163211 -0.1836017668247223 233
1741169165666 -0.1551404446363449 234
1741169169132 -0.21310582756996155 235
1741169172212 -0.21163399517536163 236
1741169175123 -0.21684446930885315 237
1741169178269 -0.16875062882900238 238
1741169181532 -0.28202536702156067 239
1741169185122 -0.1650967299938202 240
1741169187428 -0.1728011965751648 241
1741169190908 -0.2945501208305359 242
1741169193372 -0.22534462809562683 243
1741169195813 -0.19802403450012207 244
1741169198809 -0.16005921363830566 245
1741169202084 -0.20469412207603455 246
1741169204474 -0.22297422587871552 247
1741169208153 -0.25745588541030884 248
1741169210678 -0.19063633680343628 249
1741169213352 -0.16890424489974976 250
