1745665843470 0.008 1
1745665844055 0.016 2
1745665844537 0.024 3
1745665845091 0.032 4
1745665845568 0.04 5
1745665846053 0.048 6
1745665846545 0.056 7
1745665847167 0.064 8
1745665847746 0.072 9
1745665848411 0.08 10
1745665848895 0.088 11
1745665849378 0.096 12
1745665849952 0.104 13
1745665850587 0.112 14
1745665851258 0.12 15
1745665851901 0.128 16
1745665852538 0.136 17
1745665853101 0.144 18
1745665853589 0.152 19
1745665854164 0.16 20
1745665966886 0.16 20
1745665967466 0.168 21
1745665968050 0.176 22
1745665968709 0.184 23
1745665969298 0.192 24
1745665969875 0.2 25
1745665970413 0.208 26
1745665971041 0.216 27
1745665971698 0.224 28
1745665972234 0.232 29
1745665972881 0.24 30
1745665973466 0.248 31
1745665974085 0.256 32
1745665974810 0.264 33
1745665975388 0.272 34
1745665975859 0.28 35
1745665976257 0.288 36
