1745665843470 14.939618110656738 1
1745665844055 37.860416412353516 2
1745665844537 15.686553001403809 3
1745665845091 7.684884071350098 4
1745665845568 11.052289962768555 5
1745665846053 3.2073700428009033 6
1745665846545 3.3814358711242676 7
1745665847167 2.2100799083709717 8
1745665847746 1.8138591051101685 9
1745665848411 1.766633152961731 10
1745665848895 2.7079920768737793 11
1745665849378 1.7324119806289673 12
1745665849952 1.7856348752975464 13
1745665850587 1.7183773517608643 14
1745665851258 2.678743839263916 15
1745665851901 1.5997459888458252 16
1745665852538 1.9600744247436523 17
1745665853101 1.5426840782165527 18
1745665853589 1.826408863067627 19
1745665854164 1.8666698932647705 20
1745665967466 1.5382243394851685 21
1745665968050 1.7702242136001587 22
1745665968709 1.1940524578094482 23
1745665969298 1.5652979612350464 24
1745665969875 1.279292345046997 25
1745665970413 1.8522534370422363 26
1745665971041 1.420067310333252 27
1745665971698 4.044761657714844 28
1745665972234 2.2013378143310547 29
1745665972881 2.152906894683838 30
1745665973466 2.1762824058532715 31
1745665974085 2.6360127925872803 32
1745665974810 2.508700132369995 33
1745665975388 1.5098165273666382 34
1745665975859 2.2114057540893555 35
1745665976257 2.882006883621216 36
