1745665843470 0.0 1
1745665844055 7.692307692307694e-06 2
1745665844537 1.5384615384615387e-05 3
1745665845091 2.307692307692308e-05 4
1745665845568 3.0769230769230774e-05 5
1745665846053 3.846153846153846e-05 6
1745665846545 4.615384615384616e-05 7
1745665847167 5.384615384615385e-05 8
1745665847746 6.153846153846155e-05 9
1745665848411 6.923076923076924e-05 10
1745665848895 7.692307692307693e-05 11
1745665849378 8.461538461538461e-05 12
1745665849952 9.230769230769232e-05 13
1745665850587 0.0001 14
1745665851258 9.999560724782174e-05 15
1745665851901 9.998242976313776e-05 16
1745665852538 9.996046986136509e-05 17
1745665853101 9.992973140107997e-05 18
1745665853589 9.989021978333995e-05 19
1745665854164 9.98419419507348e-05 20
1745665967466 9.97849063861667e-05 21
1745665968050 9.971912311135967e-05 22
1745665968709 9.964460368509867e-05 23
1745665969298 9.956136120119858e-05 24
1745665969875 9.94694102862035e-05 25
1745665970413 9.936876709681668e-05 26
1745665971041 9.925944931706173e-05 27
1745665971698 9.914147615517526e-05 28
1745665972234 9.901486834023182e-05 29
1745665972881 9.887964811850159e-05 30
1745665973466 9.873583924954152e-05 31
1745665974085 9.85834670020205e-05 32
1745665974810 9.842255814927944e-05 33
1745665975388 9.825314096462685e-05 34
1745665975859 9.807524521637102e-05 35
1745665976257 9.788890216258939e-05 36
