1745665843470 2.1911 1
1745665844055 3.7413 2
1745665844537 2.0852 3
1745665845091 1.2892 4
1745665845568 1.5087 5
1745665846053 0.8391 6
1745665846545 1.1154 7
1745665847167 1.27 8
1745665847746 1.2154 9
1745665848411 1.1016 10
1745665848895 0.6073 11
1745665849378 1.0953 12
1745665849952 0.8949 13
1745665850587 1.0312 14
1745665851258 1.0837 15
1745665851901 0.7915 16
1745665852538 1.003 17
1745665853101 1.136 18
1745665853589 1.0402 19
1745665854164 1.0225 20
1745665967466 0.8085 21
1745665968050 1.041 22
1745665968709 1.0254 23
1745665969298 0.9832 24
1745665969875 1.0485 25
1745665970413 1.0594 26
1745665971041 1.0777 27
1745665971698 0.9992 28
1745665972234 0.8906 29
1745665972881 0.8653 30
1745665973466 1.0186 31
1745665974085 0.7251 32
1745665974810 1.1472 33
1745665975388 0.7954 34
1745665975859 0.9179 35
1745665976257 0.7981 36
