1745736796472 0.04 1
1745736796703 0.08 2
1745736796923 0.12 3
1745736797127 0.16 4
1745736797329 0.2 5
1745736797537 0.24 6
1745736797753 0.28 7
1745736797990 0.32 8
1745736798178 0.36 9
1745736798362 0.4 10
1745736808378 0.4 10
1745736808586 0.44 11
1745736808766 0.48 12
1745736808946 0.52 13
1745736809149 0.56 14
1745736809348 0.6 15
1745736809601 0.64 16
1745736809788 0.68 17
1745736809968 0.72 18
1745736810167 0.76 19
1745736810348 0.8 20
1745736810666 0.8 20
1745736810860 0.84 21
1745736811038 0.88 22
1745736811225 0.92 23
1745736811428 0.96 24
1745736811688 1.0 25
1745736811936 1.04 26
1745736812138 1.08 27
1745736812339 1.12 28
1745736812534 1.16 29
1745736812775 1.2 30
1745736822147 1.2 30
1745736822367 1.24 31
1745736822580 1.28 32
1745736822838 1.32 33
1745736823081 1.3599999999999999 34
1745736823319 1.4 35
1745736823605 1.44 36
1745736823831 1.48 37
1745736824045 1.52 38
1745736824245 1.56 39
1745736824488 1.6 40
1745736835433 1.6 40
1745736835642 1.6400000000000001 41
1745736835820 1.6800000000000002 42
1745736836002 1.72 43
1745736836177 1.76 44
1745736836362 1.8 45
1745736836543 1.8399999999999999 46
1745736836742 1.88 47
1745736836940 1.92 48
1745736837128 1.96 49
1745736837406 2.0 50
1745736850536 2.0 50
1745736877769 2.0 50
