1745736796472 5.246981620788574 1
1745736796703 5.626755714416504 2
1745736796923 7.245514392852783 3
1745736797127 10.518423080444336 4
1745736797329 2.93666934967041 5
1745736797537 1.520477294921875 6
1745736797753 1.1950191259384155 7
1745736797990 0.9751309752464294 8
1745736798178 1.169663667678833 9
1745736798362 1.2387422323226929 10
1745736808586 1.1806145906448364 11
1745736808766 1.7841240167617798 12
1745736808946 1.7133334875106812 13
1745736809149 1.162828803062439 14
1745736809348 1.4365665912628174 15
1745736809601 1.4351063966751099 16
1745736809788 1.1732126474380493 17
1745736809968 1.2919538021087646 18
1745736810167 1.3913804292678833 19
1745736810348 1.8925926685333252 20
1745736810860 1.0753751993179321 21
1745736811038 1.1912484169006348 22
1745736811225 1.6249645948410034 23
1745736811428 1.3769959211349487 24
1745736811688 2.217782497406006 25
1745736811936 0.9344257712364197 26
1745736812138 0.6689669489860535 27
1745736812339 0.9720908403396606 28
1745736812534 2.0118250846862793 29
1745736812775 1.108779788017273 30
1745736822367 1.0668491125106812 31
1745736822580 1.4162133932113647 32
1745736822838 1.0228956937789917 33
1745736823081 1.3195935487747192 34
1745736823319 0.9444067478179932 35
1745736823605 2.181886911392212 36
1745736823831 0.8157285451889038 37
1745736824045 1.531577467918396 38
1745736824245 1.4434643983840942 39
1745736824488 1.4895920753479004 40
1745736835642 0.852124810218811 41
1745736835820 2.3710856437683105 42
1745736836002 0.9197344183921814 43
1745736836177 0.9790350794792175 44
1745736836362 0.977825403213501 45
1745736836543 1.258690595626831 46
1745736836742 0.871302604675293 47
1745736836940 1.302304744720459 48
1745736837128 1.3689132928848267 49
1745736837406 1.2649266719818115 50
