1745736796472 0.0 1
1745736796703 3.3333333333333335e-05 2
1745736796923 6.666666666666667e-05 3
1745736797127 0.0001 4
1745736797329 9.988834393115767e-05 5
1745736797537 9.9553874407739e-05 6
1745736797753 9.899808525182935e-05 7
1745736797990 9.822345875271883e-05 8
1745736798178 9.723345458039594e-05 9
1745736798362 9.603249433382144e-05 10
1745736808586 9.462594179299406e-05 11
1745736808766 9.302007896300698e-05 12
1745736808946 9.122207801708802e-05 13
1745736809149 8.923996926393305e-05 14
1745736809348 8.708260528239788e-05 15
1745736809601 8.475962138373213e-05 16
1745736809788 8.228139257794012e-05 17
1745736809968 7.965898723646776e-05 18
1745736810167 7.690411765816864e-05 19
1745736810348 7.402908775933419e-05 20
1745736810860 7.104673812141675e-05 21
1745736811038 6.797038864187564e-05 22
1745736811225 6.481377904428171e-05 23
1745736811428 6.159100751337642e-05 24
1745736811688 5.831646772915651e-05 25
1745736811936 5.5004784581204927e-05 26
1745736812138 5.167074885038373e-05 27
1745736812339 4.832925114961629e-05 28
1745736812534 4.4995215418795085e-05 29
1745736812775 4.1683532270843504e-05 30
1745736822367 3.840899248662358e-05 31
1745736822580 3.5186220955718306e-05 32
1745736822838 3.202961135812437e-05 33
1745736823081 2.895326187858326e-05 34
1745736823319 2.5970912240665813e-05 35
1745736823605 2.3095882341831372e-05 36
1745736823831 2.0341012763532243e-05 37
1745736824045 1.771860742205988e-05 38
1745736824245 1.5240378616267886e-05 39
1745736824488 1.2917394717602121e-05 40
1745736835642 1.0760030736066951e-05 41
1745736835820 8.777921982911996e-06 42
1745736836002 6.979921036993042e-06 43
1745736836177 5.374058207005944e-06 44
1745736836362 3.967505666178556e-06 45
1745736836543 2.7665454196040664e-06 46
1745736836742 1.7765412472811771e-06 47
1745736836940 1.0019147481706625e-06 48
1745736837128 4.461255922609986e-07 49
1745736837406 1.1165606884234181e-07 50
