1745736796472 1.2903 1
1745736796703 1.5389 2
1745736796923 1.1863 3
1745736797127 0.8491 4
1745736797329 1.032 5
1745736797537 1.0071 6
1745736797753 0.9577 7
1745736797990 0.8755 8
1745736798178 0.9792 9
1745736798362 0.624 10
1745736808586 1.0462 11
1745736808766 1.073 12
1745736808946 1.0412 13
1745736809149 0.8418 14
1745736809348 0.9965 15
1745736809601 0.7435 16
1745736809788 0.7892 17
1745736809968 1.0232 18
1745736810167 1.1189 19
1745736810348 0.9193 20
1745736810860 0.9776 21
1745736811038 0.8289 22
1745736811225 0.9685 23
1745736811428 0.8986 24
1745736811688 0.9029 25
1745736811936 0.3772 26
1745736812138 0.467 27
1745736812339 0.4061 28
1745736812534 0.4352 29
1745736812775 0.2555 30
1745736822367 0.5931 31
1745736822580 0.5533 32
1745736822838 0.5897 33
1745736823081 0.5639 34
1745736823319 0.4706 35
1745736823605 0.484 36
1745736823831 0.4218 37
1745736824045 0.67 38
1745736824245 0.4116 39
1745736824488 0.5293 40
1745736835642 0.4834 41
1745736835820 0.3212 42
1745736836002 0.5052 43
1745736836177 0.5468 44
1745736836362 0.439 45
1745736836543 0.4953 46
1745736836742 0.2266 47
1745736836940 0.4436 48
1745736837128 0.3467 49
1745736837406 0.4512 50
