1745683248486 0.04 1
1745683248942 0.08 2
1745683249419 0.12 3
1745683249873 0.16 4
1745683250364 0.2 5
1745683250893 0.24 6
1745683251482 0.28 7
1745683252089 0.32 8
1745683252559 0.36 9
1745683252912 0.4 10
1745683269541 0.4 10
1745683270047 0.44 11
1745683270482 0.48 12
1745683270852 0.52 13
1745683271375 0.56 14
1745683271868 0.6 15
1745683272445 0.64 16
1745683272943 0.68 17
1745683273441 0.72 18
1745683273932 0.76 19
1745683274354 0.8 20
1745683274781 0.8 20
1745683275285 0.84 21
1745683275779 0.88 22
1745683276220 0.92 23
1745683276746 0.96 24
1745683277319 1.0 25
1745683277818 1.04 26
1745683278302 1.08 27
1745683278835 1.12 28
1745683279325 1.16 29
1745683279714 1.2 30
1745683295160 1.2 30
1745683295748 1.24 31
1745683296282 1.28 32
1745683296773 1.32 33
1745683297281 1.3599999999999999 34
1745683297822 1.4 35
1745683298311 1.44 36
1745683298810 1.48 37
1745683299283 1.52 38
1745683299741 1.56 39
1745683300316 1.6 40
1745683319198 1.6 40
1745683319724 1.6400000000000001 41
1745683320120 1.6800000000000002 42
1745683320554 1.72 43
1745683321056 1.76 44
1745683321509 1.8 45
1745683322029 1.8399999999999999 46
1745683322589 1.88 47
1745683323069 1.92 48
1745683323544 1.96 49
1745683323979 2.0 50
1745683340351 2.0 50
1745683356996 2.0 50
