1745683248486 5.246981620788574 1
1745683248942 5.626755714416504 2
1745683249419 7.245514392852783 3
1745683249873 10.518423080444336 4
1745683250364 2.93666934967041 5
1745683250893 1.520477294921875 6
1745683251482 1.1950191259384155 7
1745683252089 0.9751309752464294 8
1745683252559 1.169663667678833 9
1745683252912 1.2387422323226929 10
1745683270047 1.1806145906448364 11
1745683270482 1.7841240167617798 12
1745683270852 1.7133334875106812 13
1745683271375 1.162828803062439 14
1745683271868 1.4365665912628174 15
1745683272445 1.4351063966751099 16
1745683272943 1.1732126474380493 17
1745683273441 1.2919538021087646 18
1745683273932 1.3913804292678833 19
1745683274354 1.8925926685333252 20
1745683275285 1.0753751993179321 21
1745683275779 1.1912484169006348 22
1745683276220 1.6249645948410034 23
1745683276746 1.3769959211349487 24
1745683277319 2.217782497406006 25
1745683277818 0.9344257712364197 26
1745683278302 0.6689669489860535 27
1745683278835 0.9720908403396606 28
1745683279325 2.0118250846862793 29
1745683279714 1.108779788017273 30
1745683295748 1.0668491125106812 31
1745683296282 1.4162133932113647 32
1745683296773 1.0228956937789917 33
1745683297281 1.3195935487747192 34
1745683297822 0.9444067478179932 35
1745683298311 2.181886911392212 36
1745683298810 0.8157285451889038 37
1745683299283 1.531577467918396 38
1745683299741 1.4434643983840942 39
1745683300316 1.4895920753479004 40
1745683319724 0.852124810218811 41
1745683320120 2.3710856437683105 42
1745683320554 0.9197344183921814 43
1745683321056 0.9790350794792175 44
1745683321509 0.977825403213501 45
1745683322029 1.258690595626831 46
1745683322589 0.871302604675293 47
1745683323069 1.302304744720459 48
1745683323544 1.3689132928848267 49
1745683323979 1.2649266719818115 50
