1745683248486 0.0 1
1745683248942 3.3333333333333335e-05 2
1745683249419 6.666666666666667e-05 3
1745683249873 0.0001 4
1745683250364 9.988834393115767e-05 5
1745683250893 9.9553874407739e-05 6
1745683251482 9.899808525182935e-05 7
1745683252089 9.822345875271883e-05 8
1745683252559 9.723345458039594e-05 9
1745683252912 9.603249433382144e-05 10
1745683270047 9.462594179299406e-05 11
1745683270482 9.302007896300698e-05 12
1745683270852 9.122207801708802e-05 13
1745683271375 8.923996926393305e-05 14
1745683271868 8.708260528239788e-05 15
1745683272445 8.475962138373213e-05 16
1745683272943 8.228139257794012e-05 17
1745683273441 7.965898723646776e-05 18
1745683273932 7.690411765816864e-05 19
1745683274354 7.402908775933419e-05 20
1745683275285 7.104673812141675e-05 21
1745683275779 6.797038864187564e-05 22
1745683276220 6.481377904428171e-05 23
1745683276746 6.159100751337642e-05 24
1745683277319 5.831646772915651e-05 25
1745683277818 5.5004784581204927e-05 26
1745683278302 5.167074885038373e-05 27
1745683278835 4.832925114961629e-05 28
1745683279325 4.4995215418795085e-05 29
1745683279714 4.1683532270843504e-05 30
1745683295748 3.840899248662358e-05 31
1745683296282 3.5186220955718306e-05 32
1745683296773 3.202961135812437e-05 33
1745683297281 2.895326187858326e-05 34
1745683297822 2.5970912240665813e-05 35
1745683298311 2.3095882341831372e-05 36
1745683298810 2.0341012763532243e-05 37
1745683299283 1.771860742205988e-05 38
1745683299741 1.5240378616267886e-05 39
1745683300316 1.2917394717602121e-05 40
1745683319724 1.0760030736066951e-05 41
1745683320120 8.777921982911996e-06 42
1745683320554 6.979921036993042e-06 43
1745683321056 5.374058207005944e-06 44
1745683321509 3.967505666178556e-06 45
1745683322029 2.7665454196040664e-06 46
1745683322589 1.7765412472811771e-06 47
1745683323069 1.0019147481706625e-06 48
1745683323544 4.461255922609986e-07 49
1745683323979 1.1165606884234181e-07 50
