1745683248486 1.2903 1
1745683248942 1.5389 2
1745683249419 1.1863 3
1745683249873 0.8491 4
1745683250364 1.032 5
1745683250893 1.0071 6
1745683251482 0.9577 7
1745683252089 0.8755 8
1745683252559 0.9792 9
1745683252912 0.624 10
1745683270047 1.0462 11
1745683270482 1.073 12
1745683270852 1.0412 13
1745683271375 0.8418 14
1745683271868 0.9965 15
1745683272445 0.7435 16
1745683272943 0.7892 17
1745683273441 1.0232 18
1745683273932 1.1189 19
1745683274354 0.9193 20
1745683275285 0.9776 21
1745683275779 0.8289 22
1745683276220 0.9685 23
1745683276746 0.8986 24
1745683277319 0.9029 25
1745683277818 0.3772 26
1745683278302 0.467 27
1745683278835 0.4061 28
1745683279325 0.4352 29
1745683279714 0.2555 30
1745683295748 0.5931 31
1745683296282 0.5533 32
1745683296773 0.5897 33
1745683297281 0.5639 34
1745683297822 0.4706 35
1745683298311 0.484 36
1745683298810 0.4218 37
1745683299283 0.67 38
1745683299741 0.4116 39
1745683300316 0.5293 40
1745683319724 0.4834 41
1745683320120 0.3212 42
1745683320554 0.5052 43
1745683321056 0.5468 44
1745683321509 0.439 45
1745683322029 0.4953 46
1745683322589 0.2266 47
1745683323069 0.4436 48
1745683323544 0.3467 49
1745683323979 0.4512 50
