1741163278910 0.2 1
1741163281012 0.4 2
1741163282029 0.6 3
1741163283036 0.8 4
1741163284037 1.0 5
1741163285032 1.2 6
1741163286032 1.4 7
1741163287031 1.6 8
1741163288040 1.8 9
1741163289051 2.0 10
1741163334252 2.2 11
1741163335293 2.4 12
1741163336325 2.6 13
1741163337349 2.8 14
1741163338364 3.0 15
1741163339401 3.2 16
1741163340435 3.4 17
1741163341450 3.6 18
1741163342473 3.8 19
1741163343495 4.0 20
1741163380888 4.2 21
1741163381962 4.4 22
1741163382974 4.6 23
1741163383994 4.8 24
1741163385024 5.0 25
1741163386047 5.2 26
1741163387084 5.4 27
1741163388105 5.6 28
1741163389137 5.8 29
1741163390165 6.0 30
1741163426762 6.2 31
1741163427806 6.4 32
1741163428833 6.6 33
1741163429852 6.8 34
1741163430874 7.0 35
1741163431904 7.2 36
1741163432930 7.4 37
1741163433942 7.6 38
1741163434965 7.8 39
1741163435989 8.0 40
1741163472554 8.2 41
1741163473584 8.4 42
1741163474607 8.6 43
1741163475628 8.8 44
1741163476639 9.0 45
1741163477672 9.2 46
1741163478702 9.4 47
1741163479734 9.6 48
1741163480757 9.8 49
1741163481788 10.0 50
1741163517427 10.0 50
