1741163278910 0.8324664096992764 1
1741163281012 0.9527198005881503 2
1741163282029 0.5068666675334523 3
1741163283036 0.8606822322028012 4
1741163284037 0.767617394126698 5
1741163285032 0.9522619559170681 6
1741163286032 0.641452542839286 7
1741163287031 0.9261100296634489 8
1741163288040 0.48044536624615314 9
1741163289051 0.8786167261019047 10
1741163334252 0.7279963703516871 11
1741163335293 0.6538578876588381 12
1741163336325 0.6730130713288569 13
1741163337349 0.9449655567573869 14
1741163338364 0.9890781711042282 15
1741163339401 0.5242420395137591 16
1741163340435 0.8726308319216987 17
1741163341450 1.1690193681123449 18
1741163342473 0.9276897254204063 19
1741163343495 0.5798577622937163 20
1741163380888 0.5679974426375628 21
1741163381962 0.8115049918463588 22
1741163382974 1.3432146960899503 23
1741163383994 0.9147076589516548 24
1741163385024 0.6789487347254547 25
1741163386047 1.1603771191280252 26
1741163387084 0.9278167827715714 27
1741163388105 0.8624478939113506 28
1741163389137 1.530841137234394 29
1741163390165 1.040737516854556 30
1741163426762 0.9833196408596339 31
1741163427806 0.8863422136041204 32
1741163428833 0.6299177774578056 33
1741163429852 0.8445241639194386 34
1741163430874 1.0837756560423424 35
1741163431904 1.1550139998252056 36
1741163432930 1.2035492171834303 37
1741163433942 0.7511708525575195 38
1741163434965 0.8152024205509996 39
1741163435989 0.44337902380262467 40
1741163472554 0.8110179094887471 41
1741163473584 1.074690097174788 42
1741163474607 1.0917149813367286 43
1741163475628 0.8346771878869857 44
1741163476639 0.797020261080753 45
1741163477672 0.7117623269067265 46
1741163478702 0.9454938053469857 47
1741163479734 1.2684232315058381 48
1741163480757 0.9833087131278068 49
1741163481788 0.6891556329365262 50
