1741163278910 6.666666666666666e-07 1
1741163281012 1.3333333333333332e-06 2
1741163282029 2e-06 3
1741163283036 1.9977668786231533e-06 4
1741163284037 1.99107748815478e-06 5
1741163285032 1.9799617050365867e-06 6
1741163286032 1.9644691750543766e-06 7
1741163287031 1.9446690916079185e-06 8
1741163288040 1.920649886676429e-06 9
1741163289051 1.892518835859881e-06 10
1741163334252 1.8604015792601394e-06 11
1741163335293 1.8244415603417603e-06 12
1741163336325 1.784799385278661e-06 13
1741163337349 1.7416521056479575e-06 14
1741163338364 1.6951924276746423e-06 15
1741163339401 1.6456278515588023e-06 16
1741163340435 1.5931797447293551e-06 17
1741163341450 1.5380823531633727e-06 18
1741163342473 1.4805817551866838e-06 19
1741163343495 1.420934762428335e-06 20
1741163380888 1.3594077728375126e-06 21
1741163381962 1.296275580885634e-06 22
1741163382974 1.2318201502675282e-06 23
1741163383994 1.16632935458313e-06 24
1741163385024 1.1000956916240985e-06 25
1741163386047 1.0334149770076745e-06 26
1741163387084 9.665850229923256e-07 27
1741163388105 8.999043083759016e-07 28
1741163389137 8.336706454168699e-07 29
1741163390165 7.681798497324716e-07 30
1741163426762 7.037244191143661e-07 31
1741163427806 6.405922271624873e-07 32
1741163428833 5.790652375716652e-07 33
1741163429852 5.194182448133162e-07 34
1741163430874 4.619176468366274e-07 35
1741163431904 4.0682025527064477e-07 36
1741163432930 3.5437214844119757e-07 37
1741163433942 3.048075723253577e-07 38
1741163434965 2.583478943520424e-07 39
1741163435989 2.15200614721339e-07 40
1741163472554 1.755584396582399e-07 41
1741163473584 1.3959842073986083e-07 42
1741163474607 1.0748116414011887e-07 43
1741163475628 7.93501133235711e-08 44
1741163476639 5.533090839208132e-08 45
1741163477672 3.553082494562354e-08 46
1741163478702 2.003829496341325e-08 47
1741163479734 8.92251184521997e-09 48
1741163480757 2.233121376846836e-09 49
1741163481788 0.0 50
