1741163278910 2.8165 1
1741163281012 3.0262 2
1741163282029 2.0984 3
1741163283036 2.4943 4
1741163284037 2.5245 5
1741163285032 2.6989 6
1741163286032 2.7922 7
1741163287031 2.7131 8
1741163288040 2.0213 9
1741163289051 2.6052 10
1741163334252 2.2741 11
1741163335293 2.7869 12
1741163336325 2.4087 13
1741163337349 2.5472 14
1741163338364 2.7516 15
1741163339401 2.1356 16
1741163340435 2.4543 17
1741163341450 3.1336 18
1741163342473 2.9707 19
1741163343495 2.252 20
1741163380888 2.1818 21
1741163381962 2.3588 22
1741163382974 3.0709 23
1741163383994 3.1354 24
1741163385024 2.2843 25
1741163386047 3.0785 26
1741163387084 2.7272 27
1741163388105 2.5594 28
1741163389137 2.4019 29
1741163390165 2.5548 30
1741163426762 2.4908 31
1741163427806 2.4715 32
1741163428833 2.322 33
1741163429852 2.7837 34
1741163430874 2.6729 35
1741163431904 2.8471 36
1741163432930 3.2708 37
1741163433942 2.2865 38
1741163434965 2.326 39
1741163435989 2.0104 40
1741163472554 2.5584 41
1741163473584 3.0381 42
1741163474607 2.6547 43
1741163475628 2.307 44
1741163476639 2.7952 45
1741163477672 2.2788 46
1741163478702 2.5527 47
1741163479734 2.8868 48
1741163480757 3.1073 49
1741163481788 2.1955 50
