1741163278910 2.61892032623291 1
1741163281012 1.7473500967025757 2
1741163282029 1.946786642074585 3
1741163283036 1.8766453266143799 4
1741163284037 2.5046303272247314 5
1741163285032 1.7294657230377197 6
1741163286032 2.376883029937744 7
1741163287031 2.0357136726379395 8
1741163288040 2.0728695392608643 9
1741163289051 2.4955763816833496 10
1741163334252 1.9438579082489014 11
1741163335293 2.236680030822754 12
1741163336325 2.3957812786102295 13
1741163337349 1.7909774780273438 14
1741163338364 2.1520371437072754 15
1741163339401 1.8043792247772217 16
1741163340435 2.0258870124816895 17
1741163341450 2.4799327850341797 18
1741163342473 2.4395151138305664 19
1741163343495 2.006317615509033 20
1741163380888 2.201049327850342 21
1741163381962 1.8192466497421265 22
1741163382974 1.975681185722351 23
1741163383994 2.447378635406494 24
1741163385024 2.416759490966797 25
1741163386047 2.003098487854004 26
1741163387084 2.163595676422119 27
1741163388105 2.1419448852539062 28
1741163389137 2.2023046016693115 29
1741163390165 1.9712952375411987 30
1741163426762 1.8733105659484863 31
1741163427806 2.5945613384246826 32
1741163428833 1.6920766830444336 33
1741163429852 2.186204433441162 34
1741163430874 2.382598876953125 35
1741163431904 2.3577139377593994 36
1741163432930 2.028665542602539 37
1741163433942 1.8124839067459106 38
1741163434965 2.2697629928588867 39
1741163435989 2.2616491317749023 40
1741163472554 1.6283398866653442 41
1741163473584 2.7586073875427246 42
1741163474607 1.9936132431030273 43
1741163475628 2.1206915378570557 44
1741163476639 2.1628870964050293 45
1741163477672 2.411471128463745 46
1741163478702 1.8335322141647339 47
1741163479734 2.2216570377349854 48
1741163480757 2.1504971981048584 49
1741163481788 2.231019973754883 50
