1741163278910 2.5545997619628906 1
1741163281012 2.851449489593506 2
1741163282029 1.9037452936172485 3
1741163283036 2.3065900802612305 4
1741163284037 2.274007558822632 5
1741163285032 2.5259346961975098 6
1741163286032 2.5544936656951904 7
1741163287031 2.50948166847229 8
1741163288040 1.81400728225708 9
1741163289051 2.3556761741638184 10
1741163334252 2.0797317028045654 11
1741163335293 2.5632777214050293 12
1741163336325 2.1691465377807617 13
1741163337349 2.36814546585083 14
1741163338364 2.5364153385162354 15
1741163339401 1.955119252204895 16
1741163340435 2.2517237663269043 17
1741163341450 2.8855748176574707 18
1741163342473 2.7267231941223145 19
1741163343495 2.0513811111450195 20
1741163380888 1.9617146253585815 21
1741163381962 2.176848888397217 22
1741163382974 2.873358726501465 23
1741163383994 2.8906662464141846 24
1741163385024 2.042616128921509 25
1741163386047 2.8781933784484863 26
1741163387084 2.510847568511963 27
1741163388105 2.345195770263672 28
1741163389137 2.1816725730895996 29
1741163390165 2.357715368270874 30
1741163426762 2.303490161895752 31
1741163427806 2.2120349407196045 32
1741163428833 2.152775764465332 33
1741163429852 2.565106153488159 34
1741163430874 2.434643030166626 35
1741163431904 2.6113250255584717 36
1741163432930 3.067896604537964 37
1741163433942 2.1052846908569336 38
1741163434965 2.098994731903076 39
1741163435989 1.7842433452606201 40
1741163472554 2.3955700397491455 41
1741163473584 2.7622032165527344 42
1741163474607 2.455327033996582 43
1741163475628 2.09494686126709 44
1741163476639 2.5789101123809814 45
1741163477672 2.0377023220062256 46
1741163478702 2.3693816661834717 47
1741163479734 2.6646761894226074 48
1741163480757 2.8922834396362305 49
1741163481788 1.9723665714263916 50
