1741168404403 -1.03501558303833 1
1741168408211 -0.9647409915924072 2
1741168411440 -1.1189863681793213 3
1741168414827 -1.1391217708587646 4
1741168417694 -0.8655495643615723 5
1741168422274 -1.0704264640808105 6
1741168424450 -0.6653842329978943 7
1741168428610 -1.1924363374710083 8
1741168432006 -1.1187798976898193 9
1741168434391 -1.5200073719024658 10
1741168437347 -1.5648088455200195 11
1741168439389 -0.6101837754249573 12
1741168441805 -1.0370707511901855 13
1741168444888 -1.0537810325622559 14
1741168447355 -1.2135930061340332 15
1741168449985 -1.5823568105697632 16
1741168452502 -0.6392117142677307 17
1741168455634 -1.0314066410064697 18
1741168458951 -0.9269286394119263 19
1741168461923 -0.9941058158874512 20
1741168464134 -1.5009008646011353 21
1741168467190 -1.4682657718658447 22
1741168468957 -0.6349038481712341 23
1741168471681 -0.44883495569229126 24
1741168474098 -0.9245690107345581 25
1741168476604 -0.5009481310844421 26
1741168478742 -1.332883358001709 27
1741168481843 -0.9682008028030396 28
1741168485668 -0.7041234970092773 29
1741168488609 -0.9998724460601807 30
1741168491310 -1.0950837135314941 31
1741168494522 -1.3940911293029785 32
1741168497674 -1.0218641757965088 33
1741168500066 -0.4973534941673279 34
1741168503942 -1.1448043584823608 35
1741168505750 -1.119704008102417 36
1741168508460 -0.5810796618461609 37
1741168510308 -1.4584230184555054 38
1741168514149 -1.4878727197647095 39
1741168516776 -0.6880092620849609 40
1741168520210 -1.0628520250320435 41
1741168522395 -1.200230360031128 42
1741168524825 -1.137431025505066 43
1741168527664 -1.479767918586731 44
1741168530066 -0.23391473293304443 45
1741168532804 -1.0454199314117432 46
1741168535302 -1.4634978771209717 47
1741168537768 -1.129767894744873 48
1741168539927 -0.4904809892177582 49
1741168542171 -1.5952038764953613 50
1741168544946 -1.1645904779434204 51
1741168547816 -1.3890445232391357 52
1741168550818 -1.0814214944839478 53
1741168553379 -0.7420424818992615 54
1741168555573 -1.6087661981582642 55
1741168558850 -0.8054791688919067 56
1741168561937 -1.6053272485733032 57
1741168563958 -1.2098002433776855 58
1741168565823 -0.9093424677848816 59
1741168568140 -1.242741346359253 60
1741168570931 -1.2663816213607788 61
1741168573351 -1.5657315254211426 62
1741168576006 -1.159651517868042 63
1741168578849 -0.6920852661132812 64
1741168581220 -1.6771715879440308 65
1741168584202 -1.3011350631713867 66
1741168588442 -0.8808109164237976 67
1741168590803 -0.9899976849555969 68
1741168593565 -1.7299562692642212 69
1741168595367 -1.5285158157348633 70
1741168597869 -1.6740434169769287 71
1741168602290 -1.7012908458709717 72
1741168604725 -0.9511793255805969 73
1741168607571 -0.8302927017211914 74
1741168610071 -1.3739408254623413 75
1741168613715 -1.0240263938903809 76
1741168616820 -1.5448315143585205 77
1741168619660 -1.2764885425567627 78
1741168622224 -1.3964405059814453 79
1741168625628 -1.3054046630859375 80
1741168629490 -1.3091988563537598 81
1741168631466 -1.649732232093811 82
1741168634238 -0.8936479091644287 83
1741168636737 -1.6223094463348389 84
1741168639965 -0.6574268937110901 85
1741168642210 -1.2679245471954346 86
1741168644808 -1.2916631698608398 87
1741168648405 -0.96872478723526 88
1741168650974 -1.253504991531372 89
1741168653448 -1.1940829753875732 90
1741168656240 -0.9481050968170166 91
1741168658539 -1.2665126323699951 92
1741168661028 -1.5600541830062866 93
1741168664349 -1.2994447946548462 94
1741168666673 -1.2323778867721558 95
1741168670519 -0.8848825693130493 96
1741168672779 -1.5344089269638062 97
1741168675846 -1.2094634771347046 98
1741168678367 -1.3127285242080688 99
1741168680901 -1.3093081712722778 100
1741168735012 -1.610959529876709 101
1741168737521 -0.6675209999084473 102
1741168739874 -1.2099392414093018 103
1741168743289 -1.5691777467727661 104
1741168746086 -1.170080542564392 105
1741168748405 -1.1234012842178345 106
1741168750459 -1.0454999208450317 107
1741168753082 -1.5452935695648193 108
1741168755482 -0.8704972267150879 109
1741168757347 -1.5440380573272705 110
1741168761579 -0.9687875509262085 111
1741168764626 -1.598286509513855 112
1741168766873 -1.1348375082015991 113
1741168769732 -1.2492702007293701 114
1741168772147 -1.2036099433898926 115
1741168774578 -1.5771350860595703 116
1741168777319 -1.1999372243881226 117
1741168779372 -1.1105865240097046 118
1741168782623 -0.919116199016571 119
1741168784432 -1.3051049709320068 120
1741168788001 -0.8788438439369202 121
1741168791565 -1.2059212923049927 122
1741168794612 -1.3062536716461182 123
1741168797474 -1.1488603353500366 124
1741168799371 -1.1715823411941528 125
1741168801767 -0.9283208847045898 126
1741168803522 -1.1704952716827393 127
1741168806643 -1.235183596611023 128
1741168810459 -1.2202366590499878 129
1741168813355 -1.5549434423446655 130
1741168818194 -1.1655548810958862 131
1741168822352 -1.319892168045044 132
1741168824988 -1.1647098064422607 133
1741168827625 -1.1868435144424438 134
1741168830727 -1.2147494554519653 135
1741168834897 -0.9079721570014954 136
1741168837639 -1.1950973272323608 137
1741168839372 -1.515566110610962 138
1741168842386 -0.9149552583694458 139
1741168846965 -1.1834865808486938 140
1741168850451 -1.531567096710205 141
1741168853046 -0.589777946472168 142
1741168855314 -1.198132038116455 143
1741168858630 -1.2758629322052002 144
1741168861509 -1.492206335067749 145
1741168864986 -0.8414245247840881 146
1741168867083 -1.2628862857818604 147
1741168869809 -1.2935060262680054 148
1741168873211 -1.535536527633667 149
1741168875611 -0.800614595413208 150
1741168879862 -1.1279284954071045 151
1741168883208 -1.5851887464523315 152
1741168886755 -0.9566051959991455 153
1741168889882 -0.8117296695709229 154
1741168894731 -1.2305386066436768 155
1741168898709 -0.8224678635597229 156
1741168901287 -1.5455050468444824 157
1741168903482 -1.2853832244873047 158
1741168906313 -1.5058351755142212 159
1741168908945 -0.5522869825363159 160
1741168912735 -1.201934814453125 161
1741168915171 -1.146718978881836 162
1741168917396 -0.9470478296279907 163
1741168919799 -1.628450632095337 164
1741168922461 -1.1165409088134766 165
1741168926658 -1.5764878988265991 166
1741168929000 -1.1387536525726318 167
1741168931949 -1.3050317764282227 168
1741168934394 -0.7848339080810547 169
1741168936211 -1.3007386922836304 170
1741168938964 -1.2235175371170044 171
1741168941000 -0.8550581932067871 172
1741168945319 -1.240119457244873 173
1741168947561 -1.2246372699737549 174
1741168950520 -1.560074806213379 175
1741168952752 -1.2137882709503174 176
1741168955561 -1.2018351554870605 177
1741168957962 -0.93744957447052 178
1741168960948 -1.520636796951294 179
1741168963842 -1.199543833732605 180
1741168966601 -1.5178961753845215 181
1741168970353 -0.8613247871398926 182
1741168973100 -1.225433588027954 183
1741168975916 -1.215038537979126 184
1741168978764 -1.2107584476470947 185
1741168982199 -1.1523350477218628 186
1741168984542 -0.8456900119781494 187
1741168986906 -1.591287612915039 188
1741168989257 -1.559448480606079 189
1741168992569 -0.8923324346542358 190
1741168994359 -1.5947209596633911 191
1741168998107 -0.7737506628036499 192
1741169001308 -1.189600944519043 193
1741169003901 -1.2718335390090942 194
1741169006575 -1.2667921781539917 195
1741169010437 -1.4729130268096924 196
1741169012872 -1.5974385738372803 197
1741169015576 -1.265036940574646 198
1741169017814 -0.8008810877799988 199
1741169020257 -0.955218493938446 200
1741169073275 -1.1773557662963867 201
1741169075654 -1.4951438903808594 202
1741169078291 -0.8130614757537842 203
1741169080632 -1.3109644651412964 204
1741169084020 -0.9185059070587158 205
1741169086352 -1.1300450563430786 206
1741169088834 -1.2481390237808228 207
1741169091098 -0.9299006462097168 208
1741169095015 -1.2702045440673828 209
1741169097897 -1.111114263534546 210
1741169100303 -1.574467658996582 211
1741169102804 -1.162842035293579 212
1741169105236 -0.5996658205986023 213
1741169108351 -1.5541629791259766 214
1741169111031 -1.140062689781189 215
1741169113455 -1.2364906072616577 216
1741169116034 -0.5802305936813354 217
1741169119218 -1.5503443479537964 218
1741169122618 -1.1829705238342285 219
1741169125754 -1.487180471420288 220
1741169128452 -1.1917167901992798 221
1741169131204 -0.894680917263031 222
1741169134225 -0.8208247423171997 223
1741169136387 -1.5819021463394165 224
1741169138772 -1.2833006381988525 225
1741169141202 -1.5229628086090088 226
1741169144184 -0.5647481679916382 227
1741169147068 -1.5330862998962402 228
1741169149588 -0.9370065927505493 229
1741169152751 -1.5104130506515503 230
1741169155323 -0.881447434425354 231
1741169159423 -0.5816317200660706 232
1741169163211 -1.411129117012024 233
1741169165666 -1.6088470220565796 234
1741169169132 -1.2092176675796509 235
1741169172212 -0.8006341457366943 236
1741169175123 -1.28423011302948 237
1741169178269 -1.2135698795318604 238
1741169181532 -1.2166681289672852 239
1741169185122 -1.1817905902862549 240
1741169187428 -1.230576515197754 241
1741169190908 -0.9421793222427368 242
1741169193372 -1.176033854484558 243
1741169195813 -1.1605560779571533 244
1741169198809 -1.5354793071746826 245
1741169202084 -1.206201195716858 246
1741169204474 -1.1547380685806274 247
1741169208153 -0.9090854525566101 248
1741169210678 -1.633641004562378 249
1741169213352 -0.7878978252410889 250
