1741168404403 -1.0476480722427368 1
1741168408211 -1.0657000541687012 2
1741168411440 -1.064957618713379 3
1741168414827 -1.0607906579971313 4
1741168417694 -0.6077876091003418 5
1741168422274 -1.042825698852539 6
1741168424450 -0.5816839933395386 7
1741168428610 -1.0815845727920532 8
1741168432006 -1.084365725517273 9
1741168434391 -1.5459678173065186 10
1741168437347 -1.5388790369033813 11
1741168439389 -0.6131250858306885 12
1741168441805 -1.0632708072662354 13
1741168444888 -1.0231345891952515 14
1741168447355 -1.1032201051712036 15
1741168449985 -1.6030337810516357 16
1741168452502 -0.49921876192092896 17
1741168455634 -1.070566177368164 18
1741168458951 -1.0526305437088013 19
1741168461923 -1.1140187978744507 20
1741168464134 -1.6123371124267578 21
1741168467190 -1.58851957321167 22
1741168468957 -0.5230549573898315 23
1741168471681 -0.5454134941101074 24
1741168474098 -1.1002508401870728 25
1741168476604 -0.47315746545791626 26
1741168478742 -1.5730303525924683 27
1741168481843 -1.0924686193466187 28
1741168485668 -0.6445753574371338 29
1741168488609 -1.0468144416809082 30
1741168491310 -1.0914844274520874 31
1741168494522 -1.5953929424285889 32
1741168497674 -1.131980299949646 33
1741168500066 -0.5546057224273682 34
1741168503942 -1.1088676452636719 35
1741168505750 -1.0987002849578857 36
1741168508460 -0.5722311735153198 37
1741168510308 -1.6542376279830933 38
1741168514149 -1.5688194036483765 39
1741168516776 -0.6612762212753296 40
1741168520210 -1.1240845918655396 41
1741168522395 -1.1621214151382446 42
1741168524825 -1.14719820022583 43
1741168527664 -1.5628340244293213 44
1741168530066 -0.1400725543498993 45
1741168532804 -1.1330875158309937 46
1741168535302 -1.6323152780532837 47
1741168537768 -1.1272276639938354 48
1741168539927 -0.19624459743499756 49
1741168542171 -1.6744046211242676 50
1741168544946 -1.1699448823928833 51
1741168547816 -1.2149947881698608 52
1741168550818 -1.1497461795806885 53
1741168553379 -0.6944252252578735 54
1741168555573 -1.6430416107177734 55
1741168558850 -0.680344820022583 56
1741168561937 -1.6195647716522217 57
1741168563958 -1.2510006427764893 58
1741168565823 -0.7054519653320312 59
1741168568140 -1.2387456893920898 60
1741168570931 -1.2629685401916504 61
1741168573351 -1.6592967510223389 62
1741168576006 -1.170839548110962 63
1741168578849 -0.26496416330337524 64
1741168581220 -1.755574345588684 65
1741168584202 -1.2985999584197998 66
1741168588442 -0.6841193437576294 67
1741168590803 -0.7931053042411804 68
1741168593565 -1.7251538038253784 69
1741168595367 -1.6955018043518066 70
1741168597869 -1.7316027879714966 71
1741168602290 -1.753926396369934 72
1741168604725 -0.7710592150688171 73
1741168607571 -0.7374568581581116 74
1741168610071 -1.2391178607940674 75
1741168613715 -0.769927978515625 76
1741168616820 -1.7112882137298584 77
1741168619660 -1.3103947639465332 78
1741168622224 -1.2335695028305054 79
1741168625628 -1.2359962463378906 80
1741168629490 -1.3094488382339478 81
1741168631466 -1.7325501441955566 82
1741168634238 -0.7174015641212463 83
1741168636737 -1.6753700971603394 84
1741168639965 -0.3337900936603546 85
1741168642210 -1.2456876039505005 86
1741168644808 -1.271046757698059 87
1741168648405 -0.7520867586135864 88
1741168650974 -1.218491554260254 89
1741168653448 -1.1738345623016357 90
1741168656240 -0.7602505683898926 91
1741168658539 -1.2205333709716797 92
1741168661028 -1.684303641319275 93
1741168664349 -1.1824145317077637 94
1741168666673 -1.2067195177078247 95
1741168670519 -0.6490364074707031 96
1741168672779 -1.6914161443710327 97
1741168675846 -1.207963228225708 98
1741168678367 -1.2398244142532349 99
1741168680901 -1.1929084062576294 100
1741168735012 -1.5674723386764526 101
1741168737521 -0.33222416043281555 102
1741168739874 -1.179209589958191 103
1741168743289 -1.6558259725570679 104
1741168746086 -1.2100520133972168 105
1741168748405 -1.2516143321990967 106
1741168750459 -0.7499022483825684 107
1741168753082 -1.6078827381134033 108
1741168755482 -0.7418349385261536 109
1741168757347 -1.5718932151794434 110
1741168761579 -0.7107616662979126 111
1741168764626 -1.6490055322647095 112
1741168766873 -1.1997991800308228 113
1741168769732 -1.1711593866348267 114
1741168772147 -1.1141680479049683 115
1741168774578 -1.5995450019836426 116
1741168777319 -1.1049233675003052 117
1741168779372 -1.158890962600708 118
1741168782623 -0.7717408537864685 119
1741168784432 -1.1764591932296753 120
1741168788001 -0.7274240851402283 121
1741168791565 -1.1045918464660645 122
1741168794612 -1.234457015991211 123
1741168797474 -1.1661961078643799 124
1741168799371 -1.1027090549468994 125
1741168801767 -0.7149792313575745 126
1741168803522 -1.0914428234100342 127
1741168806643 -1.1291837692260742 128
1741168810459 -1.2047876119613647 129
1741168813355 -1.6275525093078613 130
1741168818194 -1.2016960382461548 131
1741168822352 -1.1140801906585693 132
1741168824988 -1.1619850397109985 133
1741168827625 -1.1163949966430664 134
1741168830727 -1.2043095827102661 135
1741168834897 -0.7341535091400146 136
1741168837639 -1.2072545289993286 137
1741168839372 -1.5437562465667725 138
1741168842386 -0.7295697927474976 139
1741168846965 -1.09706449508667 140
1741168850451 -1.6228352785110474 141
1741168853046 -0.2271919995546341 142
1741168855314 -1.156563401222229 143
1741168858630 -1.1886316537857056 144
1741168861509 -1.5500978231430054 145
1741168864986 -0.7162178158760071 146
1741168867083 -1.2121798992156982 147
1741168869809 -1.0854475498199463 148
1741168873211 -1.5929245948791504 149
1741168875611 -0.6726968288421631 150
1741168879862 -1.172463297843933 151
1741168883208 -1.5983785390853882 152
1741168886755 -0.7052057981491089 153
1741168889882 -0.6488235592842102 154
1741168894731 -1.160222053527832 155
1741168898709 -0.6588883399963379 156
1741168901287 -1.5842974185943604 157
1741168903482 -1.1691861152648926 158
1741168906313 -1.5910855531692505 159
1741168908945 -0.2743077874183655 160
1741168912735 -1.1790517568588257 161
1741168915171 -1.178383469581604 162
1741168917396 -0.6816517114639282 163
1741168919799 -1.5250647068023682 164
1741168922461 -1.1700448989868164 165
1741168926658 -1.6170339584350586 166
1741168929000 -1.0888890027999878 167
1741168931949 -1.194024682044983 168
1741168934394 -0.6672672033309937 169
1741168936211 -1.1243057250976562 170
1741168938964 -1.1552928686141968 171
1741168941000 -0.6567632555961609 172
1741168945319 -1.1973769664764404 173
1741168947561 -1.0937141180038452 174
1741168950520 -1.617511510848999 175
1741168952752 -1.0577330589294434 176
1741168955561 -1.1937179565429688 177
1741168957962 -0.6827108860015869 178
1741168960948 -1.6303714513778687 179
1741168963842 -1.1417264938354492 180
1741168966601 -1.6111997365951538 181
1741168970353 -0.6765425801277161 182
1741168973100 -1.1481349468231201 183
1741168975916 -1.0807768106460571 184
1741168978764 -1.207977056503296 185
1741168982199 -1.1549978256225586 186
1741168984542 -0.6956670880317688 187
1741168986906 -1.5941611528396606 188
1741168989257 -1.6099156141281128 189
1741168992569 -0.6563380360603333 190
1741168994359 -1.580697774887085 191
1741168998107 -0.6242958307266235 192
1741169001308 -1.1901026964187622 193
1741169003901 -1.1279164552688599 194
1741169006575 -1.1896330118179321 195
1741169010437 -1.5768673419952393 196
1741169012872 -1.6235514879226685 197
1741169015576 -1.0986645221710205 198
1741169017814 -0.685463011264801 199
1741169020257 -0.7017921209335327 200
1741169073275 -1.1626663208007812 201
1741169075654 -1.5825061798095703 202
1741169078291 -0.6798701286315918 203
1741169080632 -1.0823405981063843 204
1741169084020 -0.7382996678352356 205
1741169086352 -1.1071858406066895 206
1741169088834 -1.1703734397888184 207
1741169091098 -0.7023719549179077 208
1741169095015 -1.1884509325027466 209
1741169097897 -1.0742411613464355 210
1741169100303 -1.603015422821045 211
1741169102804 -1.163575530052185 212
1741169105236 -0.30357351899147034 213
1741169108351 -1.4978054761886597 214
1741169111031 -1.1082072257995605 215
1741169113455 -1.1874573230743408 216
1741169116034 -0.2350609302520752 217
1741169119218 -1.5506881475448608 218
1741169122618 -1.1598255634307861 219
1741169125754 -1.573204755783081 220
1741169128452 -1.1872825622558594 221
1741169131204 -0.7072150111198425 222
1741169134225 -0.6745818853378296 223
1741169136387 -1.4793583154678345 224
1741169138772 -1.2417757511138916 225
1741169141202 -1.643938660621643 226
1741169144184 -0.27028101682662964 227
1741169147068 -1.5383957624435425 228
1741169149588 -0.6467429399490356 229
1741169152751 -1.596311330795288 230
1741169155323 -0.7011744976043701 231
1741169159423 -0.3048743009567261 232
1741169163211 -1.607437252998352 233
1741169165666 -1.517613172531128 234
1741169169132 -1.1204488277435303 235
1741169172212 -0.7076144218444824 236
1741169175123 -1.1401447057724 237
1741169178269 -1.1608352661132812 238
1741169181532 -1.170735478401184 239
1741169185122 -1.073085069656372 240
1741169187428 -1.1842613220214844 241
1741169190908 -0.7409545183181763 242
1741169193372 -1.1180262565612793 243
1741169195813 -1.1274131536483765 244
1741169198809 -1.533289909362793 245
1741169202084 -1.1708191633224487 246
1741169204474 -1.083458423614502 247
1741169208153 -0.7611773610115051 248
1741169210678 -1.5601083040237427 249
1741169213352 -0.6777058243751526 250
