1745742514071 0.02 1
1745742514538 0.04 2
1745742515212 0.06 3
1745742515692 0.08 4
1745742516279 0.1 5
1745742516869 0.12 6
1745742517327 0.14 7
1745742517740 0.16 8
1745742518304 0.18 9
1745742518931 0.2 10
1745742544242 0.2 10
1745742569425 0.22 11
1745742570087 0.24 12
1745742570543 0.26 13
1745742571216 0.28 14
1745742571701 0.3 15
1745742572257 0.32 16
1745742572765 0.34 17
1745742573290 0.36 18
1745742573811 0.38 19
1745742574222 0.4 20
1745742602036 0.4 20
1745742630843 0.42 21
1745742631340 0.44 22
1745742631765 0.46 23
1745742632215 0.48 24
1745742632633 0.5 25
1745742633171 0.52 26
1745742633784 0.54 27
1745742634374 0.56 28
1745742634827 0.58 29
1745742635379 0.6 30
1745742652279 0.6 30
1745742669487 0.62 31
1745742670065 0.64 32
1745742670650 0.66 33
1745742671061 0.68 34
1745742671539 0.7 35
1745742671998 0.72 36
1745742672454 0.74 37
1745742673096 0.76 38
1745742673681 0.78 39
1745742674091 0.8 40
1745742699969 0.8 40
1745742726862 0.82 41
1745742727449 0.84 42
1745742727907 0.86 43
1745742728311 0.88 44
1745742728888 0.9 45
1745742729315 0.92 46
1745742729778 0.94 47
1745742730328 0.96 48
1745742731064 0.98 49
1745742731566 1.0 50
1745742760690 1.0 50
1745742789366 1.02 51
1745742789930 1.04 52
1745742790590 1.06 53
1745742791216 1.08 54
1745742791845 1.1 55
1745742792420 1.12 56
1745742793005 1.1400000000000001 57
1745742793591 1.16 58
1745742794046 1.18 59
1745742794508 1.2 60
1745742814726 1.2 60
1745742835598 1.22 61
1745742836270 1.24 62
1745742836693 1.26 63
1745742837194 1.28 64
1745742837952 1.3 65
1745742838437 1.32 66
1745742838907 1.34 67
1745742839469 1.3599999999999999 68
1745742840032 1.38 69
1745742840606 1.4 70
1745742866505 1.4 70
1745742892346 1.42 71
1745742892856 1.44 72
1745742893401 1.46 73
1745742893995 1.48 74
1745742894578 1.5 75
1745742895004 1.52 76
1745742895482 1.54 77
1745742896029 1.56 78
1745742896767 1.58 79
1745742897176 1.6 80
1745742923766 1.6 80
1745742950416 1.62 81
1745742950962 1.6400000000000001 82
1745742951520 1.6600000000000001 83
1745742951975 1.6800000000000002 84
1745742952550 1.7 85
1745742953140 1.72 86
1745742953725 1.74 87
1745742954219 1.76 88
1745742954645 1.78 89
1745742955126 1.8 90
1745742978028 1.8 90
1745743001550 1.8199999999999998 91
1745743002017 1.8399999999999999 92
1745743002471 1.8599999999999999 93
1745743003120 1.88 94
1745743003671 1.9 95
1745743004096 1.92 96
1745743004508 1.94 97
1745743004962 1.96 98
1745743005514 1.98 99
1745743006045 2.0 100
1745743029173 2.0 100
1745743083889 2.0 100
