1745742514071 14.774765968322754 1
1745742514538 30.41341781616211 2
1745742515212 4.341883659362793 3
1745742515692 4.983966827392578 4
1745742516279 5.905004024505615 5
1745742516869 2.643845319747925 6
1745742517327 2.9695146083831787 7
1745742517740 5.04274320602417 8
1745742518304 2.2091546058654785 9
1745742518931 4.569408893585205 10
1745742569425 1.985533356666565 11
1745742570087 3.5078868865966797 12
1745742570543 2.6664371490478516 13
1745742571216 1.9708771705627441 14
1745742571701 2.1118626594543457 15
1745742572257 1.4851789474487305 16
1745742572765 2.158388614654541 17
1745742573290 1.9891948699951172 18
1745742573811 2.4183132648468018 19
1745742574222 2.89730167388916 20
1745742630843 2.2411158084869385 21
1745742631340 1.8648723363876343 22
1745742631765 3.2943787574768066 23
1745742632215 3.2652926445007324 24
1745742632633 3.1794445514678955 25
1745742633171 1.9465839862823486 26
1745742633784 2.191114664077759 27
1745742634374 1.4769288301467896 28
1745742634827 2.085094451904297 29
1745742635379 2.320946455001831 30
1745742669487 1.8550528287887573 31
1745742670065 3.000481605529785 32
1745742670650 1.4934431314468384 33
1745742671061 2.249537467956543 34
1745742671539 1.925472617149353 35
1745742671998 1.714949607849121 36
1745742672454 2.0319995880126953 37
1745742673096 1.8957574367523193 38
1745742673681 1.6812983751296997 39
1745742674091 5.562544345855713 40
1745742726862 1.660843849182129 41
1745742727449 2.0164499282836914 42
1745742727907 1.7047926187515259 43
1745742728311 2.0058209896087646 44
1745742728888 1.6661150455474854 45
1745742729315 3.1580560207366943 46
1745742729778 2.6485302448272705 47
1745742730328 1.6888983249664307 48
1745742731064 3.8433473110198975 49
1745742731566 1.854140043258667 50
1745742789366 1.4164155721664429 51
1745742789930 1.1921939849853516 52
1745742790590 1.3240517377853394 53
1745742791216 0.9749698042869568 54
1745742791845 2.205878973007202 55
1745742792420 2.7871880531311035 56
1745742793005 3.748152732849121 57
1745742793591 2.0673446655273438 58
1745742794046 1.454920768737793 59
1745742794508 1.2628591060638428 60
1745742835598 3.640016555786133 61
1745742836270 1.6458946466445923 62
1745742836693 3.8694710731506348 63
1745742837194 2.095595598220825 64
1745742837952 1.3056602478027344 65
1745742838437 2.047556161880493 66
1745742838907 1.7497035264968872 67
1745742839469 2.097782611846924 68
1745742840032 2.1363964080810547 69
1745742840606 2.339399576187134 70
1745742892346 5.4873809814453125 71
1745742892856 1.6276524066925049 72
1745742893401 1.5570615530014038 73
1745742893995 1.3325897455215454 74
1745742894578 1.4992210865020752 75
1745742895004 3.0725603103637695 76
1745742895482 1.4902094602584839 77
1745742896029 1.630362629890442 78
1745742896767 1.9507291316986084 79
1745742897176 3.166039228439331 80
1745742950416 1.4699530601501465 81
1745742950962 1.3993098735809326 82
1745742951520 2.51761794090271 83
1745742951975 1.6001286506652832 84
1745742952550 1.6064239740371704 85
1745742953140 1.3196380138397217 86
1745742953725 1.3704938888549805 87
1745742954219 1.689047932624817 88
1745742954645 1.7015324831008911 89
1745742955126 1.7463010549545288 90
1745743001550 2.295215129852295 91
1745743002017 2.845428228378296 92
1745743002471 2.5969927310943604 93
1745743003120 3.3921806812286377 94
1745743003671 1.5119876861572266 95
1745743004096 2.1603798866271973 96
1745743004508 3.2022464275360107 97
1745743004962 1.0914690494537354 98
1745743005514 3.1315526962280273 99
1745743006045 1.6784913539886475 100
