1745742514071 0.0 1
1745742514538 2e-05 2
1745742515212 4e-05 3
1745742515692 6e-05 4
1745742516279 8e-05 5
1745742516869 0.0001 6
1745742517327 9.997266286704631e-05 7
1745742517740 9.989068136093873e-05 8
1745742518304 9.975414512725057e-05 9
1745742518931 9.956320346634876e-05 10
1745742569425 9.931806517013612e-05 11
1745742570087 9.901899829374047e-05 12
1745742570543 9.86663298624003e-05 13
1745742571216 9.826044551386744e-05 14
1745742571701 9.780178907671789e-05 15
1745742572257 9.729086208503174e-05 16
1745742572765 9.672822322997305e-05 17
1745742573290 9.611448774886924e-05 18
1745742573811 9.545032675245813e-05 19
1745742574222 9.473646649103818e-05 20
1745742630843 9.397368756032445e-05 21
1745742631340 9.316282404787871e-05 22
1745742631765 9.230476262104677e-05 23
1745742632215 9.140044155740101e-05 24
1745742632633 9.045084971874738e-05 25
1745742633171 8.945702546981969e-05 26
1745742633784 8.842005554284296e-05 27
1745742634374 8.73410738492077e-05 28
1745742634827 8.622126023955446e-05 29
1745742635379 8.506183921362443e-05 30
1745742669487 8.386407858128706e-05 31
1745742670065 8.262928807620843e-05 32
1745742670650 8.135881792367686e-05 33
1745742671061 8.005405736415126e-05 34
1745742671539 7.871643313414718e-05 35
1745742671998 7.734740790612136e-05 36
1745742672454 7.594847868906076e-05 37
1745742673096 7.452117519152542e-05 38
1745742673681 7.30670581489344e-05 39
1745742674091 7.158771761692464e-05 40
1745742726862 7.008477123264848e-05 41
1745742727449 6.855986244591104e-05 42
1745742727907 6.701465872208216e-05 43
1745742728311 6.545084971874738e-05 44
1745742728888 6.387014543809223e-05 45
1745742729315 6.227427435703997e-05 46
1745742729778 6.066498153718735e-05 47
1745742730328 5.90440267166055e-05 48
1745742731064 5.74131823855921e-05 49
1745742731566 5.577423184847932e-05 50
1745742789366 5.4128967273616625e-05 51
1745742789930 5.247918773366112e-05 52
1745742790590 5.0826697238317935e-05 53
1745742791216 4.917330276168208e-05 54
1745742791845 4.7520812266338885e-05 55
1745742792420 4.5871032726383386e-05 56
1745742793005 4.4225768151520694e-05 57
1745742793591 4.2586817614407895e-05 58
1745742794046 4.095597328339452e-05 59
1745742794508 3.933501846281267e-05 60
1745742835598 3.772572564296005e-05 61
1745742836270 3.612985456190778e-05 62
1745742836693 3.4549150281252636e-05 63
1745742837194 3.298534127791785e-05 64
1745742837952 3.144013755408895e-05 65
1745742838437 2.991522876735154e-05 66
1745742838907 2.8412282383075363e-05 67
1745742839469 2.693294185106562e-05 68
1745742840032 2.547882480847461e-05 69
1745742840606 2.405152131093926e-05 70
1745742892346 2.2652592093878666e-05 71
1745742892856 2.128356686585282e-05 72
1745742893401 1.9945942635848748e-05 73
1745742893995 1.8641182076323148e-05 74
1745742894578 1.7370711923791567e-05 75
1745742895004 1.6135921418712956e-05 76
1745742895482 1.4938160786375572e-05 77
1745742896029 1.3778739760445552e-05 78
1745742896767 1.2658926150792322e-05 79
1745742897176 1.157994445715706e-05 80
1745742950416 1.0542974530180327e-05 81
1745742950962 9.549150281252633e-06 82
1745742951520 8.599558442598998e-06 83
1745742951975 7.695237378953223e-06 84
1745742952550 6.837175952121306e-06 85
1745742953140 6.026312439675552e-06 86
1745742953725 5.263533508961827e-06 87
1745742954219 4.549673247541875e-06 88
1745742954645 3.885512251130763e-06 89
1745742955126 3.271776770026963e-06 90
1745743001550 2.7091379149682685e-06 91
1745743002017 2.1982109232821178e-06 92
1745743002471 1.7395544861325718e-06 93
1745743003120 1.333670137599713e-06 94
1745743003671 9.810017062595322e-07 95
1745743004096 6.819348298638839e-07 96
1745743004508 4.367965336512403e-07 97
1745743004962 2.458548727494292e-07 98
1745743005514 1.0931863906127327e-07 99
1745743006045 2.7337132953697554e-08 100
