1745742514071 1.9662 1
1745742514538 3.1497 2
1745742515212 1.2349 3
1745742515692 1.6783 4
1745742516279 1.1745 5
1745742516869 1.042 6
1745742517327 0.8975 7
1745742517740 0.8572 8
1745742518304 1.1436 9
1745742518931 1.0062 10
1745742569425 1.0601 11
1745742570087 1.1818 12
1745742570543 1.0865 13
1745742571216 0.8286 14
1745742571701 0.6512 15
1745742572257 1.1511 16
1745742572765 0.7012 17
1745742573290 1.3225 18
1745742573811 0.7521 19
1745742574222 0.6499 20
1745742630843 1.0734 21
1745742631340 1.0549 22
1745742631765 0.8721 23
1745742632215 1.176 24
1745742632633 1.3727 25
1745742633171 0.8046 26
1745742633784 0.768 27
1745742634374 1.0644 28
1745742634827 0.9126 29
1745742635379 1.0873 30
1745742669487 1.1026 31
1745742670065 0.5747 32
1745742670650 0.7458 33
1745742671061 0.9199 34
1745742671539 1.1296 35
1745742671998 1.0007 36
1745742672454 1.1873 37
1745742673096 0.9944 38
1745742673681 1.022 39
1745742674091 1.0681 40
1745742726862 1.1397 41
1745742727449 1.0014 42
1745742727907 0.7578 43
1745742728311 0.937 44
1745742728888 0.949 45
1745742729315 1.0151 46
1745742729778 1.1543 47
1745742730328 0.7957 48
1745742731064 0.9813 49
1745742731566 0.8426 50
1745742789366 0.2702 51
1745742789930 0.3325 52
1745742790590 0.4118 53
1745742791216 0.2924 54
1745742791845 0.5649 55
1745742792420 0.1952 56
1745742793005 0.4765 57
1745742793591 0.1287 58
1745742794046 0.097 59
1745742794508 0.1811 60
1745742835598 0.5379 61
1745742836270 0.3553 62
1745742836693 0.4861 63
1745742837194 0.4543 64
1745742837952 0.3805 65
1745742838437 0.5412 66
1745742838907 0.4682 67
1745742839469 0.3575 68
1745742840032 0.4488 69
1745742840606 0.3877 70
1745742892346 0.5195 71
1745742892856 0.2888 72
1745742893401 0.2657 73
1745742893995 0.2545 74
1745742894578 0.5181 75
1745742895004 0.5821 76
1745742895482 0.2109 77
1745742896029 0.5174 78
1745742896767 0.4044 79
1745742897176 0.3667 80
1745742950416 0.4023 81
1745742950962 0.3055 82
1745742951520 0.253 83
1745742951975 0.1466 84
1745742952550 0.3891 85
1745742953140 0.3135 86
1745742953725 0.4059 87
1745742954219 0.3746 88
1745742954645 0.3817 89
1745742955126 0.3345 90
1745743001550 0.5086 91
1745743002017 0.6019 92
1745743002471 0.1983 93
1745743003120 0.2022 94
1745743003671 0.3593 95
1745743004096 0.2391 96
1745743004508 0.3591 97
1745743004962 0.1942 98
1745743005514 0.2712 99
1745743006045 0.3304 100
