1745757814311 0.02 1
1745757814743 0.04 2
1745757815419 0.06 3
1745757815902 0.08 4
1745757816490 0.1 5
1745757817090 0.12 6
1745757817550 0.14 7
1745757817964 0.16 8
1745757818531 0.18 9
1745757819160 0.2 10
1745757837171 0.2 10
1745757855371 0.22 11
1745757856035 0.24 12
1745757856497 0.26 13
1745757857174 0.28 14
1745757857660 0.3 15
1745757858221 0.32 16
1745757858722 0.34 17
1745757859202 0.36 18
1745757859625 0.38 19
1745757860038 0.4 20
1745757890529 0.4 20
1745757920908 0.42 21
1745757921413 0.44 22
1745757921841 0.46 23
1745757922298 0.48 24
1745757922707 0.5 25
1745757923225 0.52 26
1745757923837 0.54 27
1745757924435 0.56 28
1745757924896 0.58 29
1745757925450 0.6 30
1745757944099 0.6 30
1745757962751 0.62 31
1745757963358 0.64 32
1745757963968 0.66 33
1745757964390 0.68 34
1745757964870 0.7 35
1745757965332 0.72 36
1745757965789 0.74 37
1745757966418 0.76 38
1745757966981 0.78 39
1745757967386 0.8 40
1745757994252 0.8 40
1745758021322 0.82 41
1745758021912 0.84 42
1745758022371 0.86 43
1745758022775 0.88 44
1745758023390 0.9 45
1745758023919 0.92 46
1745758024407 0.94 47
1745758024962 0.96 48
1745758025699 0.98 49
1745758026201 1.0 50
1745758054185 1.0 50
1745758082580 1.02 51
1745758083162 1.04 52
1745758083860 1.06 53
1745758084488 1.08 54
1745758085117 1.1 55
1745758085692 1.12 56
1745758086271 1.1400000000000001 57
1745758086820 1.16 58
1745758087325 1.18 59
1745758087790 1.2 60
1745758109891 1.2 60
1745758132610 1.22 61
1745758133294 1.24 62
1745758133823 1.26 63
1745758134347 1.28 64
1745758135107 1.3 65
1745758135596 1.32 66
1745758136067 1.34 67
1745758136632 1.3599999999999999 68
1745758137196 1.38 69
1745758137772 1.4 70
1745758165251 1.4 70
1745758191756 1.42 71
1745758192253 1.44 72
1745758192686 1.46 73
1745758193265 1.48 74
1745758193874 1.5 75
1745758194340 1.52 76
1745758194821 1.54 77
1745758195373 1.56 78
1745758196113 1.58 79
1745758196519 1.6 80
1745758223615 1.6 80
1745758250842 1.62 81
1745758251392 1.6400000000000001 82
1745758251952 1.6600000000000001 83
1745758252410 1.6800000000000002 84
1745758253002 1.7 85
1745758253593 1.72 86
1745758254168 1.74 87
1745758254664 1.76 88
1745758255092 1.78 89
1745758255579 1.8 90
1745758285908 1.8 90
1745758316629 1.8199999999999998 91
1745758317101 1.8399999999999999 92
1745758317562 1.8599999999999999 93
1745758318195 1.88 94
1745758318694 1.9 95
1745758319115 1.92 96
1745758319533 1.94 97
1745758319991 1.96 98
1745758320549 1.98 99
1745758321089 2.0 100
1745758348291 2.0 100
1745758420112 2.0 100
