1745757814311 14.774812698364258 1
1745757814743 30.414005279541016 2
1745757815419 4.3449506759643555 3
1745757815902 4.993080139160156 4
1745757816490 5.838993072509766 5
1745757817090 2.6361613273620605 6
1745757817550 2.9644551277160645 7
1745757817964 5.001199722290039 8
1745757818531 2.2027339935302734 9
1745757819160 4.560287952423096 10
1745757855371 1.9834413528442383 11
1745757856035 3.493924140930176 12
1745757856497 2.668384552001953 13
1745757857174 1.9555277824401855 14
1745757857660 2.092298746109009 15
1745757858221 1.4853512048721313 16
1745757858722 2.156501531600952 17
1745757859202 1.9975616931915283 18
1745757859625 2.410804033279419 19
1745757860038 2.883375406265259 20
1745757920908 2.2326300144195557 21
1745757921413 1.8587098121643066 22
1745757921841 3.28303861618042 23
1745757922298 3.27694034576416 24
1745757922707 3.1806533336639404 25
1745757923225 1.9513095617294312 26
1745757923837 2.1903934478759766 27
1745757924435 1.4846949577331543 28
1745757924896 2.0913569927215576 29
1745757925450 2.3201730251312256 30
1745757962751 1.858596920967102 31
1745757963358 3.023841142654419 32
1745757963968 1.4918546676635742 33
1745757964390 2.2685813903808594 34
1745757964870 1.9267466068267822 35
1745757965332 1.7171739339828491 36
1745757965789 2.034006357192993 37
1745757966418 1.9009418487548828 38
1745757966981 1.6812800168991089 39
1745757967386 5.625916004180908 40
1745758021322 1.6645127534866333 41
1745758021912 2.018695831298828 42
1745758022371 1.70659601688385 43
1745758022775 2.0039615631103516 44
1745758023390 1.6652718782424927 45
1745758023919 3.1445364952087402 46
1745758024407 2.6556577682495117 47
1745758024962 1.6963906288146973 48
1745758025699 4.023642063140869 49
1745758026201 1.8513472080230713 50
1745758082580 1.4494770765304565 51
1745758083162 1.1658283472061157 52
1745758083860 1.3179234266281128 53
1745758084488 0.9666770696640015 54
1745758085117 2.208436965942383 55
1745758085692 2.1980369091033936 56
1745758086271 3.721374750137329 57
1745758086820 2.048405170440674 58
1745758087325 1.5040243864059448 59
1745758087790 1.2655671834945679 60
1745758132610 3.649118185043335 61
1745758133294 1.650804877281189 62
1745758133823 3.820587635040283 63
1745758134347 2.6090469360351562 64
1745758135107 1.3122563362121582 65
1745758135596 2.1068336963653564 66
1745758136067 1.7069019079208374 67
1745758136632 2.0992655754089355 68
1745758137196 2.1114397048950195 69
1745758137772 2.3374059200286865 70
1745758191756 5.392239093780518 71
1745758192253 1.6440906524658203 72
1745758192686 1.5692816972732544 73
1745758193265 1.3550280332565308 74
1745758193874 1.5245890617370605 75
1745758194340 3.0709800720214844 76
1745758194821 1.496165156364441 77
1745758195373 1.64328932762146 78
1745758196113 2.0015344619750977 79
1745758196519 3.18113112449646 80
1745758250842 1.481833577156067 81
1745758251392 1.3935734033584595 82
1745758251952 2.5874288082122803 83
1745758252410 1.6242561340332031 84
1745758253002 1.6256362199783325 85
1745758253593 1.3166733980178833 86
1745758254168 1.37704336643219 87
1745758254664 1.7039979696273804 88
1745758255092 1.702690601348877 89
1745758255579 1.8211297988891602 90
1745758316629 2.344745635986328 91
1745758317101 2.8495588302612305 92
1745758317562 2.6126251220703125 93
1745758318195 4.119446277618408 94
1745758318694 1.5084385871887207 95
1745758319115 2.347804546356201 96
1745758319533 3.1677987575531006 97
1745758319991 1.0975297689437866 98
1745758320549 3.1168265342712402 99
1745758321089 1.6730557680130005 100
