1745757814311 0.0 1
1745757814743 2e-05 2
1745757815419 4e-05 3
1745757815902 6e-05 4
1745757816490 8e-05 5
1745757817090 0.0001 6
1745757817550 9.997266286704631e-05 7
1745757817964 9.989068136093873e-05 8
1745757818531 9.975414512725057e-05 9
1745757819160 9.956320346634876e-05 10
1745757855371 9.931806517013612e-05 11
1745757856035 9.901899829374047e-05 12
1745757856497 9.86663298624003e-05 13
1745757857174 9.826044551386744e-05 14
1745757857660 9.780178907671789e-05 15
1745757858221 9.729086208503174e-05 16
1745757858722 9.672822322997305e-05 17
1745757859202 9.611448774886924e-05 18
1745757859625 9.545032675245813e-05 19
1745757860038 9.473646649103818e-05 20
1745757920908 9.397368756032445e-05 21
1745757921413 9.316282404787871e-05 22
1745757921841 9.230476262104677e-05 23
1745757922298 9.140044155740101e-05 24
1745757922707 9.045084971874738e-05 25
1745757923225 8.945702546981969e-05 26
1745757923837 8.842005554284296e-05 27
1745757924435 8.73410738492077e-05 28
1745757924896 8.622126023955446e-05 29
1745757925450 8.506183921362443e-05 30
1745757962751 8.386407858128706e-05 31
1745757963358 8.262928807620843e-05 32
1745757963968 8.135881792367686e-05 33
1745757964390 8.005405736415126e-05 34
1745757964870 7.871643313414718e-05 35
1745757965332 7.734740790612136e-05 36
1745757965789 7.594847868906076e-05 37
1745757966418 7.452117519152542e-05 38
1745757966981 7.30670581489344e-05 39
1745757967386 7.158771761692464e-05 40
1745758021322 7.008477123264848e-05 41
1745758021912 6.855986244591104e-05 42
1745758022371 6.701465872208216e-05 43
1745758022775 6.545084971874738e-05 44
1745758023390 6.387014543809223e-05 45
1745758023919 6.227427435703997e-05 46
1745758024407 6.066498153718735e-05 47
1745758024962 5.90440267166055e-05 48
1745758025699 5.74131823855921e-05 49
1745758026201 5.577423184847932e-05 50
1745758082580 5.4128967273616625e-05 51
1745758083162 5.247918773366112e-05 52
1745758083860 5.0826697238317935e-05 53
1745758084488 4.917330276168208e-05 54
1745758085117 4.7520812266338885e-05 55
1745758085692 4.5871032726383386e-05 56
1745758086271 4.4225768151520694e-05 57
1745758086820 4.2586817614407895e-05 58
1745758087325 4.095597328339452e-05 59
1745758087790 3.933501846281267e-05 60
1745758132610 3.772572564296005e-05 61
1745758133294 3.612985456190778e-05 62
1745758133823 3.4549150281252636e-05 63
1745758134347 3.298534127791785e-05 64
1745758135107 3.144013755408895e-05 65
1745758135596 2.991522876735154e-05 66
1745758136067 2.8412282383075363e-05 67
1745758136632 2.693294185106562e-05 68
1745758137196 2.547882480847461e-05 69
1745758137772 2.405152131093926e-05 70
1745758191756 2.2652592093878666e-05 71
1745758192253 2.128356686585282e-05 72
1745758192686 1.9945942635848748e-05 73
1745758193265 1.8641182076323148e-05 74
1745758193874 1.7370711923791567e-05 75
1745758194340 1.6135921418712956e-05 76
1745758194821 1.4938160786375572e-05 77
1745758195373 1.3778739760445552e-05 78
1745758196113 1.2658926150792322e-05 79
1745758196519 1.157994445715706e-05 80
1745758250842 1.0542974530180327e-05 81
1745758251392 9.549150281252633e-06 82
1745758251952 8.599558442598998e-06 83
1745758252410 7.695237378953223e-06 84
1745758253002 6.837175952121306e-06 85
1745758253593 6.026312439675552e-06 86
1745758254168 5.263533508961827e-06 87
1745758254664 4.549673247541875e-06 88
1745758255092 3.885512251130763e-06 89
1745758255579 3.271776770026963e-06 90
1745758316629 2.7091379149682685e-06 91
1745758317101 2.1982109232821178e-06 92
1745758317562 1.7395544861325718e-06 93
1745758318195 1.333670137599713e-06 94
1745758318694 9.810017062595322e-07 95
1745758319115 6.819348298638839e-07 96
1745758319533 4.367965336512403e-07 97
1745758319991 2.458548727494292e-07 98
1745758320549 1.0931863906127327e-07 99
1745758321089 2.7337132953697554e-08 100
