1745757814311 1.9662 1
1745757814743 3.1497 2
1745757815419 1.2351 3
1745757815902 1.6794 4
1745757816490 1.18 5
1745757817090 1.0408 6
1745757817550 0.8944 7
1745757817964 0.8558 8
1745757818531 1.1431 9
1745757819160 1.0049 10
1745757855371 1.0614 11
1745757856035 1.1815 12
1745757856497 1.0854 13
1745757857174 0.826 14
1745757857660 0.6522 15
1745757858221 1.152 16
1745757858722 0.6992 17
1745757859202 1.3267 18
1745757859625 0.7529 19
1745757860038 0.65 20
1745757920908 1.0714 21
1745757921413 1.0548 22
1745757921841 0.8725 23
1745757922298 1.1774 24
1745757922707 1.3758 25
1745757923225 0.8026 26
1745757923837 0.7658 27
1745757924435 1.0659 28
1745757924896 0.9132 29
1745757925450 1.0852 30
1745757962751 1.1 31
1745757963358 0.5788 32
1745757963968 0.7459 33
1745757964390 0.9202 34
1745757964870 1.1283 35
1745757965332 0.9959 36
1745757965789 1.1831 37
1745757966418 0.9952 38
1745757966981 1.0199 39
1745757967386 1.0684 40
1745758021322 1.1398 41
1745758021912 1.0024 42
1745758022371 0.7584 43
1745758022775 0.9374 44
1745758023390 0.9488 45
1745758023919 1.0097 46
1745758024407 1.1541 47
1745758024962 0.7952 48
1745758025699 0.9873 49
1745758026201 0.8406 50
1745758082580 0.2739 51
1745758083162 0.3312 52
1745758083860 0.4095 53
1745758084488 0.2916 54
1745758085117 0.5656 55
1745758085692 0.1931 56
1745758086271 0.4896 57
1745758086820 0.1268 58
1745758087325 0.0984 59
1745758087790 0.1801 60
1745758132610 0.539 61
1745758133294 0.3534 62
1745758133823 0.4819 63
1745758134347 0.4502 64
1745758135107 0.3809 65
1745758135596 0.5459 66
1745758136067 0.4594 67
1745758136632 0.3551 68
1745758137196 0.444 69
1745758137772 0.3864 70
1745758191756 0.5255 71
1745758192253 0.2907 72
1745758192686 0.2634 73
1745758193265 0.2525 74
1745758193874 0.5204 75
1745758194340 0.5783 76
1745758194821 0.2096 77
1745758195373 0.5199 78
1745758196113 0.4105 79
1745758196519 0.3693 80
1745758250842 0.404 81
1745758251392 0.3009 82
1745758251952 0.2582 83
1745758252410 0.1472 84
1745758253002 0.3944 85
1745758253593 0.3124 86
1745758254168 0.4083 87
1745758254664 0.3758 88
1745758255092 0.3793 89
1745758255579 0.3385 90
1745758316629 0.5069 91
1745758317101 0.6017 92
1745758317562 0.1982 93
1745758318195 0.2145 94
1745758318694 0.3579 95
1745758319115 0.2426 96
1745758319533 0.3663 97
1745758319991 0.1941 98
1745758320549 0.2694 99
1745758321089 0.3313 100
