1745824911487 0.02 1
1745824911911 0.04 2
1745824912584 0.06 3
1745824913060 0.08 4
1745824913647 0.1 5
1745824914255 0.12 6
1745824914784 0.14 7
1745824915195 0.16 8
1745824915753 0.18 9
1745824916377 0.2 10
1745824937217 0.2 10
1745824971224 0.2 10
1745824971867 0.22 11
1745824972522 0.24 12
1745824972978 0.26 13
1745824973648 0.28 14
1745824974194 0.3 15
1745824974788 0.32 16
1745824975289 0.34 17
1745824975765 0.36 18
1745824976179 0.38 19
1745824976586 0.4 20
1745825010344 0.4 20
1745825081176 0.4 20
1745825081811 0.42 21
1745825082302 0.44 22
1745825082722 0.46 23
1745825083173 0.48 24
1745825083575 0.5 25
1745825084074 0.52 26
1745825084686 0.54 27
1745825085297 0.56 28
1745825085751 0.58 29
1745825086306 0.6 30
1745825103932 0.6 30
1745825158795 0.6 30
1745825159253 0.62 31
1745825159825 0.64 32
1745825160412 0.66 33
1745825160817 0.68 34
1745825161299 0.7 35
1745825161757 0.72 36
1745825162213 0.74 37
1745825162838 0.76 38
1745825163394 0.78 39
1745825163815 0.8 40
1745825188678 0.8 40
1745825250965 0.8 40
1745825251519 0.82 41
1745825252106 0.84 42
1745825252560 0.86 43
1745825252958 0.88 44
1745825253532 0.9 45
1745825254024 0.92 46
1745825254555 0.94 47
1745825255124 0.96 48
1745825255858 0.98 49
1745825256368 1.0 50
1745825283294 1.0 50
1745825321949 1.0 50
1745825322500 1.02 51
1745825323063 1.04 52
1745825323730 1.06 53
1745825324373 1.08 54
1745825324998 1.1 55
1745825325568 1.12 56
1745825326144 1.1400000000000001 57
1745825326689 1.16 58
1745825327097 1.18 59
1745825327552 1.2 60
1745825352708 1.2 60
1745825390399 1.2 60
1745825391028 1.22 61
1745825391700 1.24 62
1745825392119 1.26 63
1745825392617 1.28 64
1745825393374 1.3 65
1745825393875 1.32 66
1745825394395 1.34 67
1745825394976 1.3599999999999999 68
1745825395532 1.38 69
1745825396107 1.4 70
1745825423397 1.4 70
1745825488341 1.4 70
1745825488795 1.42 71
1745825489290 1.44 72
1745825489714 1.46 73
1745825490273 1.48 74
1745825490860 1.5 75
1745825491282 1.52 76
1745825491763 1.54 77
1745825492312 1.56 78
1745825493047 1.58 79
1745825493449 1.6 80
1745825520166 1.6 80
1745825585001 1.6 80
1745825585643 1.62 81
1745825586189 1.6400000000000001 82
1745825586743 1.6600000000000001 83
1745825587197 1.6800000000000002 84
1745825587770 1.7 85
1745825588333 1.72 86
1745825588881 1.74 87
1745825589379 1.76 88
1745825589823 1.78 89
1745825590307 1.8 90
1745825617678 1.8 90
1745825682061 1.8 90
1745825682517 1.8199999999999998 91
1745825682985 1.8399999999999999 92
1745825683442 1.8599999999999999 93
1745825684080 1.88 94
1745825684611 1.9 95
1745825685087 1.92 96
1745825685549 1.94 97
1745825686003 1.96 98
1745825686564 1.98 99
1745825687094 2.0 100
1745825713201 2.0 100
1745825778494 2.0 100
1745825829331 2.0 100
