1745824911487 14.776519775390625 1
1745824911911 30.41391944885254 2
1745824912584 4.381199836730957 3
1745824913060 4.998392581939697 4
1745824913647 5.842682361602783 5
1745824914255 2.646690845489502 6
1745824914784 3.0020813941955566 7
1745824915195 4.981747627258301 8
1745824915753 2.203423023223877 9
1745824916377 4.5609893798828125 10
1745824971867 1.9779893159866333 11
1745824972522 3.472825527191162 12
1745824972978 2.6519343852996826 13
1745824973648 1.9389148950576782 14
1745824974194 2.103727340698242 15
1745824974788 1.4814387559890747 16
1745824975289 2.157526969909668 17
1745824975765 2.001105785369873 18
1745824976179 2.4028375148773193 19
1745824976586 2.8855152130126953 20
1745825081811 2.225640296936035 21
1745825082302 1.8578039407730103 22
1745825082722 3.284170150756836 23
1745825083173 3.2614502906799316 24
1745825083575 3.182896137237549 25
1745825084074 1.9435620307922363 26
1745825084686 2.1859922409057617 27
1745825085297 1.4791417121887207 28
1745825085751 2.0836687088012695 29
1745825086306 2.314244508743286 30
1745825159253 1.8546531200408936 31
1745825159825 3.031285285949707 32
1745825160412 1.4838900566101074 33
1745825160817 2.243741512298584 34
1745825161299 1.9167300462722778 35
1745825161757 1.7166528701782227 36
1745825162213 2.0380425453186035 37
1745825162838 1.9152107238769531 38
1745825163394 1.679764747619629 39
1745825163815 5.533087253570557 40
1745825251519 1.66007399559021 41
1745825252106 2.0057361125946045 42
1745825252560 1.7153091430664062 43
1745825252958 2.010213851928711 44
1745825253532 1.664961576461792 45
1745825254024 3.1659085750579834 46
1745825254555 2.645190715789795 47
1745825255124 1.6918431520462036 48
1745825255858 3.9267964363098145 49
1745825256368 1.8444353342056274 50
1745825322500 1.4771307706832886 51
1745825323063 1.1715946197509766 52
1745825323730 1.2998324632644653 53
1745825324373 0.9644501209259033 54
1745825324998 2.200571060180664 55
1745825325568 2.4917311668395996 56
1745825326144 3.742175340652466 57
1745825326689 1.9534257650375366 58
1745825327097 1.5033063888549805 59
1745825327552 1.2655251026153564 60
1745825391028 3.6570847034454346 61
1745825391700 1.6236778497695923 62
1745825392119 3.8866829872131348 63
1745825392617 2.490095853805542 64
1745825393374 1.3196552991867065 65
1745825393875 2.0878212451934814 66
1745825394395 1.7233448028564453 67
1745825394976 2.120577096939087 68
1745825395532 2.104977607727051 69
1745825396107 2.353700876235962 70
1745825488795 5.511817932128906 71
1745825489290 1.6349096298217773 72
1745825489714 1.5707114934921265 73
1745825490273 1.3520119190216064 74
1745825490860 1.5062564611434937 75
1745825491282 3.036320686340332 76
1745825491763 1.5045970678329468 77
1745825492312 1.639011025428772 78
1745825493047 2.0080156326293945 79
1745825493449 3.2109298706054688 80
1745825585643 1.4808884859085083 81
1745825586189 1.3956639766693115 82
1745825586743 2.5665416717529297 83
1745825587197 1.7742592096328735 84
1745825587770 1.6041722297668457 85
1745825588333 1.3239575624465942 86
1745825588881 1.3915057182312012 87
1745825589379 1.6918751001358032 88
1745825589823 1.7029261589050293 89
1745825590307 1.7535077333450317 90
1745825682517 2.167362928390503 91
1745825682985 2.819711685180664 92
1745825683442 2.574800968170166 93
1745825684080 4.169985771179199 94
1745825684611 1.5217432975769043 95
1745825685087 2.2732949256896973 96
1745825685549 3.1407527923583984 97
1745825686003 1.1112455129623413 98
1745825686564 2.8822402954101562 99
1745825687094 1.697258710861206 100
