1745824911487 0.0 1
1745824911911 2e-05 2
1745824912584 4e-05 3
1745824913060 6e-05 4
1745824913647 8e-05 5
1745824914255 0.0001 6
1745824914784 9.997266286704631e-05 7
1745824915195 9.989068136093873e-05 8
1745824915753 9.975414512725057e-05 9
1745824916377 9.956320346634876e-05 10
1745824971867 9.931806517013612e-05 11
1745824972522 9.901899829374047e-05 12
1745824972978 9.86663298624003e-05 13
1745824973648 9.826044551386744e-05 14
1745824974194 9.780178907671789e-05 15
1745824974788 9.729086208503174e-05 16
1745824975289 9.672822322997305e-05 17
1745824975765 9.611448774886924e-05 18
1745824976179 9.545032675245813e-05 19
1745824976586 9.473646649103818e-05 20
1745825081811 9.397368756032445e-05 21
1745825082302 9.316282404787871e-05 22
1745825082722 9.230476262104677e-05 23
1745825083173 9.140044155740101e-05 24
1745825083575 9.045084971874738e-05 25
1745825084074 8.945702546981969e-05 26
1745825084686 8.842005554284296e-05 27
1745825085297 8.73410738492077e-05 28
1745825085751 8.622126023955446e-05 29
1745825086306 8.506183921362443e-05 30
1745825159253 8.386407858128706e-05 31
1745825159825 8.262928807620843e-05 32
1745825160412 8.135881792367686e-05 33
1745825160817 8.005405736415126e-05 34
1745825161299 7.871643313414718e-05 35
1745825161757 7.734740790612136e-05 36
1745825162213 7.594847868906076e-05 37
1745825162838 7.452117519152542e-05 38
1745825163394 7.30670581489344e-05 39
1745825163815 7.158771761692464e-05 40
1745825251519 7.008477123264848e-05 41
1745825252106 6.855986244591104e-05 42
1745825252560 6.701465872208216e-05 43
1745825252958 6.545084971874738e-05 44
1745825253532 6.387014543809223e-05 45
1745825254024 6.227427435703997e-05 46
1745825254555 6.066498153718735e-05 47
1745825255124 5.90440267166055e-05 48
1745825255858 5.74131823855921e-05 49
1745825256368 5.577423184847932e-05 50
1745825322500 5.4128967273616625e-05 51
1745825323063 5.247918773366112e-05 52
1745825323730 5.0826697238317935e-05 53
1745825324373 4.917330276168208e-05 54
1745825324998 4.7520812266338885e-05 55
1745825325568 4.5871032726383386e-05 56
1745825326144 4.4225768151520694e-05 57
1745825326689 4.2586817614407895e-05 58
1745825327097 4.095597328339452e-05 59
1745825327552 3.933501846281267e-05 60
1745825391028 3.772572564296005e-05 61
1745825391700 3.612985456190778e-05 62
1745825392119 3.4549150281252636e-05 63
1745825392617 3.298534127791785e-05 64
1745825393374 3.144013755408895e-05 65
1745825393875 2.991522876735154e-05 66
1745825394395 2.8412282383075363e-05 67
1745825394976 2.693294185106562e-05 68
1745825395532 2.547882480847461e-05 69
1745825396107 2.405152131093926e-05 70
1745825488795 2.2652592093878666e-05 71
1745825489290 2.128356686585282e-05 72
1745825489714 1.9945942635848748e-05 73
1745825490273 1.8641182076323148e-05 74
1745825490860 1.7370711923791567e-05 75
1745825491282 1.6135921418712956e-05 76
1745825491763 1.4938160786375572e-05 77
1745825492312 1.3778739760445552e-05 78
1745825493047 1.2658926150792322e-05 79
1745825493449 1.157994445715706e-05 80
1745825585643 1.0542974530180327e-05 81
1745825586189 9.549150281252633e-06 82
1745825586743 8.599558442598998e-06 83
1745825587197 7.695237378953223e-06 84
1745825587770 6.837175952121306e-06 85
1745825588333 6.026312439675552e-06 86
1745825588881 5.263533508961827e-06 87
1745825589379 4.549673247541875e-06 88
1745825589823 3.885512251130763e-06 89
1745825590307 3.271776770026963e-06 90
1745825682517 2.7091379149682685e-06 91
1745825682985 2.1982109232821178e-06 92
1745825683442 1.7395544861325718e-06 93
1745825684080 1.333670137599713e-06 94
1745825684611 9.810017062595322e-07 95
1745825685087 6.819348298638839e-07 96
1745825685549 4.367965336512403e-07 97
1745825686003 2.458548727494292e-07 98
1745825686564 1.0931863906127327e-07 99
1745825687094 2.7337132953697554e-08 100
