1745824911487 1.9662 1
1745824911911 3.1497 2
1745824912584 1.2381 3
1745824913060 1.6805 4
1745824913647 1.1742 5
1745824914255 1.0411 6
1745824914784 0.8967 7
1745824915195 0.8487 8
1745824915753 1.1432 9
1745824916377 1.0079 10
1745824971867 1.061 11
1745824972522 1.181 12
1745824972978 1.086 13
1745824973648 0.827 14
1745824974194 0.6501 15
1745824974788 1.1526 16
1745824975289 0.6987 17
1745824975765 1.3261 18
1745824976179 0.7509 19
1745824976586 0.6514 20
1745825081811 1.0716 21
1745825082302 1.0555 22
1745825082722 0.8717 23
1745825083173 1.175 24
1745825083575 1.3757 25
1745825084074 0.8045 26
1745825084686 0.7668 27
1745825085297 1.0638 28
1745825085751 0.9116 29
1745825086306 1.0863 30
1745825159253 1.1006 31
1745825159825 0.5798 32
1745825160412 0.7453 33
1745825160817 0.9175 34
1745825161299 1.1274 35
1745825161757 1.0006 36
1745825162213 1.1842 37
1745825162838 0.9944 38
1745825163394 1.0215 39
1745825163815 1.0622 40
1745825251519 1.1399 41
1745825252106 0.999 42
1745825252560 0.7614 43
1745825252958 0.9383 44
1745825253532 0.9489 45
1745825254024 1.0137 46
1745825254555 1.1537 47
1745825255124 0.7951 48
1745825255858 0.9867 49
1745825256368 0.8415 50
1745825322500 0.2814 51
1745825323063 0.331 52
1745825323730 0.4099 53
1745825324373 0.2938 54
1745825324998 0.5647 55
1745825325568 0.1957 56
1745825326144 0.4843 57
1745825326689 0.1247 58
1745825327097 0.0981 59
1745825327552 0.1823 60
1745825391028 0.5425 61
1745825391700 0.3546 62
1745825392119 0.4855 63
1745825392617 0.4552 64
1745825393374 0.382 65
1745825393875 0.5461 66
1745825394395 0.4629 67
1745825394976 0.3576 68
1745825395532 0.4448 69
1745825396107 0.3893 70
1745825488795 0.5202 71
1745825489290 0.2882 72
1745825489714 0.2676 73
1745825490273 0.2545 74
1745825490860 0.5184 75
1745825491282 0.5773 76
1745825491763 0.2114 77
1745825492312 0.5193 78
1745825493047 0.4026 79
1745825493449 0.3704 80
1745825585643 0.4064 81
1745825586189 0.3017 82
1745825586743 0.2597 83
1745825587197 0.15 84
1745825587770 0.39 85
1745825588333 0.3145 86
1745825588881 0.4104 87
1745825589379 0.3726 88
1745825589823 0.3781 89
1745825590307 0.3402 90
1745825682517 0.5029 91
1745825682985 0.5964 92
1745825683442 0.1934 93
1745825684080 0.2132 94
1745825684611 0.3584 95
1745825685087 0.2396 96
1745825685549 0.3688 97
1745825686003 0.1942 98
1745825686564 0.2695 99
1745825687094 0.3309 100
