1741166859353 0.2 1
1741166863150 0.4 2
1741166866337 0.6 3
1741166869510 0.8 4
1741166872256 1.0 5
1741166876601 1.2 6
1741166878665 1.4 7
1741166881640 1.6 8
1741166883986 1.8 9
1741166886886 2.0 10
1741166889315 2.2 11
1741166893792 2.4 12
1741166896232 2.6 13
1741166898666 2.8 14
1741166901678 3.0 15
1741166904329 3.2 16
1741166907243 3.4 17
1741166909659 3.6 18
1741166913024 3.8 19
1741166915618 4.0 20
1741166918297 4.2 21
1741166921723 4.4 22
1741166923697 4.6 23
1741166926328 4.8 24
1741166929180 5.0 25
1741166931909 5.2 26
1741166934346 5.4 27
1741166937609 5.6 28
1741166940259 5.8 29
1741166943607 6.0 30
1741166945981 6.2 31
1741166948147 6.4 32
1741166950536 6.6 33
1741166953514 6.8 34
1741166956578 7.0 35
1741166958648 7.2 36
1741166961847 7.4 37
1741166964232 7.6 38
1741166967400 7.8 39
1741166969715 8.0 40
1741166972618 8.2 41
1741166975773 8.4 42
1741166978668 8.6 43
1741166982486 8.8 44
1741166984480 9.0 45
1741166987451 9.2 46
1741166989990 9.4 47
1741166993556 9.6 48
1741166996478 9.8 49
1741166999710 10.0 50
1741167051102 10.2 51
1741167055418 10.4 52
1741167057277 10.6 53
1741167059480 10.8 54
1741167062330 11.0 55
1741167064980 11.2 56
1741167068448 11.4 57
1741167070864 11.6 58
1741167073704 11.8 59
1741167076010 12.0 60
1741167079305 12.2 61
1741167082672 12.4 62
1741167086485 12.6 63
1741167089827 12.8 64
1741167093084 13.0 65
1741167095643 13.2 66
1741167098732 13.4 67
1741167103374 13.6 68
1741167108341 13.8 69
1741167110701 14.0 70
1741167113472 14.2 71
1741167116238 14.4 72
1741167118047 14.6 73
1741167121320 14.8 74
1741167124276 15.0 75
1741167127363 15.2 76
1741167130122 15.4 77
1741167132604 15.6 78
1741167135408 15.8 79
1741167137905 16.0 80
1741167141254 16.2 81
1741167143301 16.4 82
1741167145942 16.6 83
1741167148629 16.8 84
1741167152824 17.0 85
1741167155215 17.2 86
1741167159371 17.4 87
1741167162568 17.6 88
1741167165336 17.8 89
1741167167998 18.0 90
1741167170956 18.2 91
1741167173891 18.4 92
1741167177338 18.6 93
1741167179846 18.8 94
1741167181579 19.0 95
1741167184714 19.2 96
1741167187219 19.4 97
1741167190585 19.6 98
1741167193333 19.8 99
1741167197502 20.0 100
1741167242117 20.0 100
