1741166859353 2.2080798423026975 1
1741166863150 2.5580825689822184 2
1741166866337 1.351407664952906 3
1741166869510 2.328198840573 4
1741166872256 3.8962433357705355 5
1741166876601 2.7136965281094736 6
1741166878665 1.9070111319590082 7
1741166881640 2.5600092676278465 8
1741166883986 1.4769632305427003 9
1741166886886 2.265623472924563 10
1741166889315 1.606361842672133 11
1741166893792 1.578283511785365 12
1741166896232 1.388882604710374 13
1741166898666 1.8240545259017018 14
1741166901678 1.673290495719849 15
1741166904329 0.9625003578815737 16
1741166907243 1.8447527255064484 17
1741166909659 1.76342046930609 18
1741166913024 1.3067202422913455 19
1741166915618 0.9062097938470056 20
1741166918297 0.8370441278077855 21
1741166921723 1.378809122048232 22
1741166923697 1.9080270590450765 23
1741166926328 1.2987638204617078 24
1741166929180 0.922192606126459 25
1741166931909 1.6219614576895183 26
1741166934346 1.1969129139586119 27
1741166937609 1.0946120351937894 28
1741166940259 0.993160573966411 29
1741166943607 1.3613805473731186 30
1741166945981 1.3285896959079864 31
1741166948147 0.8567825234112662 32
1741166950536 0.8266352929548856 33
1741166953514 1.238882812505444 34
1741166956578 1.354706926969461 35
1741166958648 1.1680803910886357 36
1741166961847 1.723003304805967 37
1741166964232 0.8271095406294785 38
1741166967400 0.8625061156118629 39
1741166969715 0.7020414216981948 40
1741166972618 1.1983896647851753 41
1741166975773 1.2853939443778275 42
1741166978668 1.1084245758239626 43
1741166982486 0.955646195351373 44
1741166984480 1.2825068500207488 45
1741166987451 0.9303072816875431 46
1741166989990 1.0261600119940675 47
1741166993556 0.8772936985742932 48
1741166996478 1.5064205990757424 49
1741166999710 0.9309958067823104 50
1741167051102 0.8388558979863122 51
1741167055418 0.9769862926759972 52
1741167057277 0.8321193220365938 53
1741167059480 1.2573409056088671 54
1741167062330 0.9630473011340351 55
1741167064980 1.2485318307765716 56
1741167068448 0.9632917531489037 57
1741167070864 1.0647560816803712 58
1741167073704 0.8621066832134094 59
1741167076010 1.0342170245383664 60
1741167079305 1.089484274940532 61
1741167082672 0.9875541913347944 62
1741167086485 1.243278536921991 63
1741167089827 0.8947571449758072 64
1741167093084 1.047385459280799 65
1741167095643 1.0671398234855285 66
1741167098732 1.1704513897847977 67
1741167103374 1.131192966717367 68
1741167108341 0.9540906754985139 69
1741167110701 1.1641229490409926 70
1741167113472 1.1957761029294562 71
1741167116238 0.6728650879251686 72
1741167118047 1.1434214102975213 73
1741167121320 1.226303921391576 74
1741167124276 1.0861056613930646 75
1741167127363 0.8518597420363048 76
1741167130122 1.3534649047790699 77
1741167132604 0.9625737036946148 78
1741167135408 1.144268639565352 79
1741167137905 0.8773037960449267 80
1741167141254 1.1346848407390393 81
1741167143301 0.9814952183683721 82
1741167145942 0.9941139226572523 83
1741167148629 1.0025730438300393 84
1741167152824 0.8591357136992999 85
1741167155215 0.7673971980815455 86
1741167159371 1.2401814862743812 87
1741167162568 0.9323505004096255 88
1741167165336 1.0825396478582263 89
1741167167998 0.7646969078411081 90
1741167170956 0.45469474051423453 91
1741167173891 1.0538055808817213 92
1741167177338 0.7959626413269943 93
1741167179846 1.1785189765880955 94
1741167181579 1.187662872723413 95
1741167184714 1.138416237557787 96
1741167187219 1.053522291485133 97
1741167190585 0.8943000412275721 98
1741167193333 0.7228856795300715 99
1741167197502 0.9702181553230351 100
