1741166859353 4.000000000000001e-06 1
1741166863150 8.000000000000001e-06 2
1741166866337 1.2e-05 3
1741166869510 1.6000000000000003e-05 4
1741166872256 2e-05 5
1741166876601 1.999453257340926e-05 6
1741166878665 1.9978136272187745e-05 7
1741166881640 1.9950829025450116e-05 8
1741166883986 1.9912640693269754e-05 9
1741166886886 1.9863613034027224e-05 10
1741166889315 1.9803799658748096e-05 11
1741166893792 1.973326597248006e-05 12
1741166896232 1.9652089102773487e-05 13
1741166898666 1.9560357815343577e-05 14
1741166901678 1.9458172417006347e-05 15
1741166904329 1.934564464599461e-05 16
1741166907243 1.922289754977385e-05 17
1741166909659 1.909006535049163e-05 18
1741166913024 1.8947293298207637e-05 19
1741166915618 1.879473751206489e-05 20
1741166918297 1.863256480957574e-05 21
1741166921723 1.8460952524209355e-05 22
1741166923697 1.8280088311480203e-05 23
1741166926328 1.8090169943749477e-05 24
1741166929180 1.789140509396394e-05 25
1741166931909 1.7684011108568593e-05 26
1741166934346 1.7468214769841542e-05 27
1741166937609 1.7244252047910893e-05 28
1741166940259 1.7012367842724887e-05 29
1741166943607 1.6772815716257414e-05 30
1741166945981 1.6525857615241686e-05 31
1741166948147 1.6271763584735373e-05 32
1741166950536 1.6010811472830253e-05 33
1741166953514 1.5743286626829437e-05 34
1741166956578 1.5469481581224274e-05 35
1741166958648 1.5189695737812153e-05 36
1741166961847 1.4904235038305084e-05 37
1741166964232 1.461341162978688e-05 38
1741166967400 1.4317543523384928e-05 39
1741166969715 1.4016954246529697e-05 40
1741166972618 1.3711972489182208e-05 41
1741166975773 1.3402931744416432e-05 42
1741166978668 1.3090169943749475e-05 43
1741166982486 1.2774029087618448e-05 44
1741166984480 1.2454854871407993e-05 45
1741166987451 1.213299630743747e-05 46
1741166989990 1.1808805343321102e-05 47
1741166993556 1.148263647711842e-05 48
1741166996478 1.1154846369695864e-05 49
1741166999710 1.0825793454723325e-05 50
1741167051102 1.0495837546732224e-05 51
1741167055418 1.0165339447663586e-05 52
1741167057277 9.834660552336415e-06 53
1741167059480 9.504162453267776e-06 54
1741167062330 9.174206545276678e-06 55
1741167064980 8.84515363030414e-06 56
1741167068448 8.51736352288158e-06 57
1741167070864 8.191194656678905e-06 58
1741167073704 7.867003692562533e-06 59
1741167076010 7.545145128592009e-06 60
1741167079305 7.225970912381557e-06 61
1741167082672 6.909830056250527e-06 62
1741167086485 6.59706825558357e-06 63
1741167089827 6.2880275108177915e-06 64
1741167093084 5.983045753470308e-06 65
1741167095643 5.6824564766150724e-06 66
1741167098732 5.386588370213124e-06 67
1741167103374 5.095764961694923e-06 68
1741167108341 4.8103042621878515e-06 69
1741167110701 4.530518418775734e-06 70
1741167113472 4.256713373170565e-06 71
1741167116238 3.989188527169749e-06 72
1741167118047 3.72823641526463e-06 73
1741167121320 3.4741423847583134e-06 74
1741167124276 3.2271842837425917e-06 75
1741167127363 2.9876321572751143e-06 76
1741167130122 2.7557479520891104e-06 77
1741167132604 2.5317852301584642e-06 78
1741167135408 2.315988891431412e-06 79
1741167137905 2.1085949060360654e-06 80
1741167141254 1.9098300562505266e-06 81
1741167143301 1.7199116885197996e-06 82
1741167145942 1.5390474757906449e-06 83
1741167148629 1.367435190424261e-06 84
1741167152824 1.2052624879351105e-06 85
1741167155215 1.0527067017923654e-06 86
1741167159371 9.09934649508375e-07 87
1741167162568 7.771024502261526e-07 88
1741167165336 6.543553540053926e-07 89
1741167167998 5.418275829936537e-07 90
1741167170956 4.396421846564236e-07 91
1741167173891 3.4791089722651437e-07 92
1741167177338 2.667340275199426e-07 93
1741167179846 1.9620034125190645e-07 94
1741167181579 1.3638696597277678e-07 95
1741167184714 8.735930673024806e-08 96
1741167187219 4.9170974549885844e-08 97
1741167190585 2.1863727812254653e-08 98
1741167193333 5.467426590739511e-09 99
1741167197502 0.0 100
