1741166859353 2.8165 1
1741166863150 3.0262 2
1741166866337 2.0965 3
1741166869510 2.4958 4
1741166872256 2.5111 5
1741166876601 2.657 6
1741166878665 2.737 7
1741166881640 2.5884 8
1741166883986 1.9259 9
1741166886886 2.2974 10
1741166889315 1.936 11
1741166893792 2.4088 12
1741166896232 1.9265 13
1741166898666 1.9444 14
1741166901678 2.059 15
1741166904329 1.6013 16
1741166907243 1.886 17
1741166909659 2.0187 18
1741166913024 2.0533 19
1741166915618 1.6221 20
1741166918297 1.572 21
1741166921723 1.3524 22
1741166923697 1.7064 23
1741166926328 2.019 24
1741166929180 1.425 25
1741166931909 1.5953 26
1741166934346 1.3893 27
1741166937609 1.4229 28
1741166940259 1.4131 29
1741166943607 1.2423 30
1741166945981 1.2826 31
1741166948147 1.236 32
1741166950536 1.3024 33
1741166953514 1.2878 34
1741166956578 1.1273 35
1741166958648 1.0635 36
1741166961847 1.1382 37
1741166964232 0.9411 38
1741166967400 1.0964 39
1741166969715 1.3155 40
1741166972618 0.9341 41
1741166975773 1.1169 42
1741166978668 0.8187 43
1741166982486 0.8578 44
1741166984480 1.1308 45
1741166987451 0.9512 46
1741166989990 0.6355 47
1741166993556 0.7005 48
1741166996478 1.0093 49
1741166999710 0.9327 50
1741167051102 0.9212 51
1741167055418 0.9766 52
1741167057277 0.6841 53
1741167059480 0.3795 54
1741167062330 0.822 55
1741167064980 0.8809 56
1741167068448 0.7118 57
1741167070864 0.8055 58
1741167073704 0.1683 59
1741167076010 0.9969 60
1741167079305 0.6993 61
1741167082672 0.5579 62
1741167086485 0.3688 63
1741167089827 0.7075 64
1741167093084 0.7131 65
1741167095643 0.5814 66
1741167098732 0.7891 67
1741167103374 0.4407 68
1741167108341 0.6906 69
1741167110701 0.2287 70
1741167113472 0.5949 71
1741167116238 0.6602 72
1741167118047 0.5463 73
1741167121320 0.2827 74
1741167124276 0.2902 75
1741167127363 0.7155 76
1741167130122 0.3782 77
1741167132604 0.4667 78
1741167135408 0.2917 79
1741167137905 0.5302 80
1741167141254 0.4543 81
1741167143301 0.4293 82
1741167145942 0.625 83
1741167148629 0.355 84
1741167152824 0.2309 85
1741167155215 0.6282 86
1741167159371 0.4617 87
1741167162568 0.3203 88
1741167165336 0.3137 89
1741167167998 0.3081 90
1741167170956 0.2249 91
1741167173891 0.498 92
1741167177338 0.4996 93
1741167179846 0.4284 94
1741167181579 0.3546 95
1741167184714 0.4435 96
1741167187219 0.4925 97
1741167190585 0.4288 98
1741167193333 0.2608 99
1741167197502 0.3668 100
