1741166859353 2.61892032623291 1
1741166863150 1.7473500967025757 2
1741166866337 1.9476797580718994 3
1741166869510 1.878758430480957 4
1741166872256 2.493422269821167 5
1741166876601 1.701204776763916 6
1741166878665 2.3383350372314453 7
1741166881640 1.949419379234314 8
1741166883986 1.9987976551055908 9
1741166886886 2.2495498657226562 10
1741166889315 1.7250986099243164 11
1741166893792 1.9655054807662964 12
1741166896232 1.9719433784484863 13
1741166898666 1.425938606262207 14
1741166901678 1.6671403646469116 15
1741166904329 1.4542043209075928 16
1741166907243 1.6180517673492432 17
1741166909659 1.6723227500915527 18
1741166913024 1.7298704385757446 19
1741166915618 1.618635892868042 20
1741166918297 1.6837046146392822 21
1741166921723 1.2045413255691528 22
1741166923697 1.1304807662963867 23
1741166926328 1.6531423330307007 24
1741166929180 1.7537840604782104 25
1741166931909 1.182168960571289 26
1741166934346 1.3292527198791504 27
1741166937609 1.3402249813079834 28
1741166940259 1.4319708347320557 29
1741166943607 1.1747084856033325 30
1741166945981 1.2132304906845093 31
1741166948147 1.4659972190856934 32
1741166950536 1.0783336162567139 33
1741166953514 1.2544443607330322 34
1741166956578 1.3036932945251465 35
1741166958648 1.1626193523406982 36
1741166961847 0.8621114492416382 37
1741166964232 0.8744668364524841 38
1741166967400 1.2459158897399902 39
1741166969715 1.5939745903015137 40
1741166972618 0.6726532578468323 41
1741166975773 1.1013435125350952 42
1741166978668 0.8514463901519775 43
1741166982486 1.1378940343856812 44
1741166984480 0.9797680377960205 45
1741166987451 1.2009587287902832 46
1741166989990 0.5981796979904175 47
1741166993556 0.717242956161499 48
1741166996478 0.7426834106445312 49
1741166999710 1.0409976243972778 50
1741167051102 0.9814644455909729 51
1741167055418 1.0734635591506958 52
1741167057277 0.6129150390625 53
1741167059480 0.28370368480682373 54
1741167062330 0.8772018551826477 55
1741167064980 0.875357449054718 56
1741167068448 0.8580482006072998 57
1741167070864 0.6709146499633789 58
1741167073704 0.12112420797348022 59
1741167076010 0.8862524628639221 60
1741167079305 0.5586881637573242 61
1741167082672 0.5424132347106934 62
1741167086485 0.37562263011932373 63
1741167089827 0.7412617802619934 64
1741167093084 0.7224496006965637 65
1741167095643 0.4167034327983856 66
1741167098732 0.8106569051742554 67
1741167103374 0.34360241889953613 68
1741167108341 0.8059293031692505 69
1741167110701 0.10403835028409958 70
1741167113472 0.5085605382919312 71
1741167116238 0.6878389120101929 72
1741167118047 0.4264184534549713 73
1741167121320 0.29211634397506714 74
1741167124276 0.2743064761161804 75
1741167127363 0.721582293510437 76
1741167130122 0.27030789852142334 77
1741167132604 0.5359857082366943 78
1741167135408 0.21942715346813202 79
1741167137905 0.4885042607784271 80
1741167141254 0.3621324598789215 81
1741167143301 0.33191436529159546 82
1741167145942 0.5840484499931335 83
1741167148629 0.46229788661003113 84
1741167152824 0.17728450894355774 85
1741167155215 0.6237199306488037 86
1741167159371 0.3013506531715393 87
1741167162568 0.24371089041233063 88
1741167165336 0.27444350719451904 89
1741167167998 0.4107517600059509 90
1741167170956 0.251633882522583 91
1741167173891 0.45424526929855347 92
1741167177338 0.5214255452156067 93
1741167179846 0.36627116799354553 94
1741167181579 0.23219546675682068 95
1741167184714 0.3825899064540863 96
1741167187219 0.47411301732063293 97
1741167190585 0.38012799620628357 98
1741167193333 0.28681933879852295 99
1741167197502 0.2920314073562622 100
