1741166859353 2.5545997619628906 1
1741166863150 2.851449489593506 2
1741166866337 1.9016971588134766 3
1741166869510 2.3079404830932617 4
1741166872256 2.2617697715759277 5
1741166876601 2.486870527267456 6
1741166878665 2.503178358078003 7
1741166881640 2.393415689468384 8
1741166883986 1.7260205745697021 9
1741166886886 2.072438955307007 10
1741166889315 1.7634462118148804 11
1741166893792 2.2122714519500732 12
1741166896232 1.7293068170547485 13
1741166898666 1.8018255233764648 14
1741166901678 1.8923132419586182 15
1741166904329 1.4559130668640137 16
1741166907243 1.7242252826690674 17
1741166909659 1.8514323234558105 18
1741166913024 1.88033926486969 19
1741166915618 1.4602080583572388 20
1741166918297 1.4036118984222412 21
1741166921723 1.2319786548614502 22
1741166923697 1.5933626890182495 23
1741166926328 1.8537075519561768 24
1741166929180 1.2496652603149414 25
1741166931909 1.4771140813827515 26
1741166934346 1.256375789642334 27
1741166937609 1.2888280153274536 28
1741166940259 1.2699103355407715 29
1741166943607 1.1248018741607666 30
1741166945981 1.161322832107544 31
1741166948147 1.0893974304199219 32
1741166950536 1.1946052312850952 33
1741166953514 1.162392020225525 34
1741166956578 0.9969165325164795 35
1741166958648 0.9472731351852417 36
1741166961847 1.051957368850708 37
1741166964232 0.8536046743392944 38
1741166967400 0.9717926979064941 39
1741166969715 1.1560919284820557 40
1741166972618 0.8668652772903442 41
1741166975773 1.0067344903945923 42
1741166978668 0.7335315942764282 43
1741166982486 0.744002103805542 44
1741166984480 1.0328326225280762 45
1741166987451 0.8311038613319397 46
1741166989990 0.5757026672363281 47
1741166993556 0.6287891864776611 48
1741166996478 0.9350314140319824 49
1741166999710 0.8286201357841492 50
1741167051102 0.8230593204498291 51
1741167055418 0.8692569732666016 52
1741167057277 0.6227648854255676 53
1741167059480 0.35112857818603516 54
1741167062330 0.734265923500061 55
1741167064980 0.7933785915374756 56
1741167068448 0.6260272264480591 57
1741167070864 0.7384520173072815 58
1741167073704 0.15618887543678284 59
1741167076010 0.9082250595092773 60
1741167079305 0.6433872580528259 61
1741167082672 0.5036184787750244 62
1741167086485 0.33124685287475586 63
1741167089827 0.6333256363868713 64
1741167093084 0.6409009695053101 65
1741167095643 0.5397297143936157 66
1741167098732 0.7080174684524536 67
1741167103374 0.406299889087677 68
1741167108341 0.6099688410758972 69
1741167110701 0.2183084934949875 70
1741167113472 0.544021487236023 71
1741167116238 0.5913987159729004 72
1741167118047 0.5036666393280029 73
1741167121320 0.25352200865745544 74
1741167124276 0.26278799772262573 75
1741167127363 0.6433449983596802 76
1741167130122 0.35120105743408203 77
1741167132604 0.4130786061286926 78
1741167135408 0.26976925134658813 79
1741167137905 0.481379896402359 80
1741167141254 0.4180566966533661 81
1741167143301 0.396096795797348 82
1741167145942 0.5665935277938843 83
1741167148629 0.3087960183620453 84
1741167152824 0.21315507590770721 85
1741167155215 0.565781831741333 86
1741167159371 0.43157142400741577 87
1741167162568 0.2958941161632538 88
1741167165336 0.28625765442848206 89
1741167167998 0.267033189535141 90
1741167170956 0.19969813525676727 91
1741167173891 0.4525514841079712 92
1741167177338 0.4475027620792389 93
1741167179846 0.391763836145401 94
1741167181579 0.33142906427383423 95
1741167184714 0.4052724242210388 96
1741167187219 0.44505369663238525 97
1741167190585 0.39079856872558594 98
1741167193333 0.23215670883655548 99
1741167197502 0.3375793993473053 100
