1741165677333 0.0 1
1741165679508 0.0 2
1741165680596 0.0 3
1741165681684 0.0 4
1741165682756 0.0 5
1741165683817 0.0 6
1741165684886 0.0 7
1741165685957 0.0 8
1741165687029 0.0 9
1741165688101 0.0 10
1741165734589 0.0 11
1741165735660 0.0 12
1741165736733 0.0 13
1741165737801 0.0 14
1741165738850 0.0 15
1741165739919 0.0 16
1741165741002 0.25 17
1741165742054 0.0 18
1741165743124 0.0 19
1741165744206 0.0 20
1741165790853 0.0 21
1741165791933 0.0 22
1741165792991 0.25 23
1741165794056 0.0 24
1741165795134 0.0 25
1741165796211 0.25 26
1741165797276 0.0 27
1741165798337 0.25 28
1741165799413 0.0 29
1741165800480 0.25 30
1741165846851 0.25 31
1741165847929 0.0 32
1741165849006 0.25 33
1741165850061 0.0 34
1741165851133 0.25 35
1741165852212 0.25 36
1741165853276 0.25 37
1741165854337 0.25 38
1741165855423 0.0 39
1741165856500 0.0 40
1741165902999 0.25 41
1741165904078 0.0 42
1741165905153 0.25 43
1741165906233 0.25 44
1741165907301 0.0 45
1741165908381 0.0 46
1741165909450 0.5 47
1741165910523 0.25 48
1741165911579 0.0 49
1741165912649 0.0 50
