1741165677333 -0.2554599940776825 1
1741165679508 -0.28514495491981506 2
1741165680596 -0.19057826697826385 3
1741165681684 -0.22974742949008942 4
1741165682756 -0.22639256715774536 5
1741165683817 -0.24928368628025055 6
1741165684886 -0.2519450783729553 7
1741165685957 -0.24391992390155792 8
1741165687029 -0.17608478665351868 9
1741165688101 -0.21888574957847595 10
1741165734589 -0.18949787318706512 11
1741165735660 -0.23688751459121704 12
1741165736733 -0.18941061198711395 13
1741165737801 -0.19764652848243713 14
1741165738850 -0.21157827973365784 15
1741165739919 -0.16216549277305603 16
1741165741002 -0.1857234537601471 17
1741165742054 -0.20953121781349182 18
1741165743124 -0.20838811993598938 19
1741165744206 -0.1596779078245163 20
1741165790853 -0.15097825229167938 21
1741165791933 -0.14775651693344116 22
1741165792991 -0.19652584195137024 23
1741165794056 -0.21588441729545593 24
1741165795134 -0.1419457495212555 25
1741165796211 -0.19324325025081635 26
1741165797276 -0.16541120409965515 27
1741165798337 -0.15912534296512604 28
1741165799413 -0.15642735362052917 29
1741165800480 -0.14773248136043549 30
1741165846851 -0.15255430340766907 31
1741165847929 -0.14140860736370087 32
1741165849006 -0.15055598318576813 33
1741165850061 -0.1688556969165802 34
1741165851133 -0.1473711133003235 35
1741165852212 -0.15253418684005737 36
1741165853276 -0.18665596842765808 37
1741165854337 -0.12568290531635284 38
1741165855423 -0.1360946148633957 39
1741165856500 -0.13884282112121582 40
1741165902999 -0.14879480004310608 41
1741165904078 -0.1745581179857254 42
1741165905153 -0.1372355818748474 43
1741165906233 -0.12050528824329376 44
1741165907301 -0.1773560345172882 45
1741165908381 -0.12918421626091003 46
1741165909450 -0.12681767344474792 47
1741165910523 -0.1475861817598343 48
1741165911579 -0.19269905984401703 49
1741165912649 -0.13044321537017822 50
