1741165677333 -0.1891675442457199 1
1741165679508 -0.13031364977359772 2
1741165680596 -0.11298271268606186 3
1741165681684 -0.11476176977157593 4
1741165682756 -0.1675197184085846 5
1741165683817 -0.10787154734134674 6
1741165684886 -0.16072316467761993 7
1741165685957 -0.1325238049030304 8
1741165687029 -0.11938808858394623 9
1741165688101 -0.15779413282871246 10
1741165734589 -0.10551767796278 11
1741165735660 -0.1426520049571991 12
1741165736733 -0.13188612461090088 13
1741165737801 -0.07373297214508057 14
1741165738850 -0.11547215282917023 15
1741165739919 -0.0818038061261177 16
1741165741002 -0.08240681886672974 17
1741165742054 -0.11571544408798218 18
1741165743124 -0.1204259917140007 19
1741165744206 -0.09070487320423126 20
1741165790853 -0.09629888087511063 21
1741165791933 -0.053849346935749054 22
1741165792991 -0.06548511981964111 23
1741165794056 -0.1253165304660797 24
1741165795134 -0.09845937043428421 25
1741165796211 -0.06451678276062012 26
1741165797276 -0.08312056958675385 27
1741165798337 -0.0828452855348587 28
1741165799413 -0.08811141550540924 29
1741165800480 -0.049529146403074265 30
1741165846851 -0.05208401754498482 31
1741165847929 -0.09492959827184677 32
1741165849006 -0.05951900780200958 33
1741165850061 -0.0921802744269371 34
1741165851133 -0.07272975891828537 35
1741165852212 -0.07189317047595978 36
1741165853276 -0.05947528034448624 37
1741165854337 -0.044943153858184814 38
1741165855423 -0.08485690504312515 39
1741165856500 -0.09431576728820801 40
1741165902999 -0.041735634207725525 41
1741165904078 -0.11320129781961441 42
1741165905153 -0.04064847528934479 43
1741165906233 -0.05484745278954506 44
1741165907301 -0.09565392136573792 45
1741165908381 -0.0881822407245636 46
1741165909450 -0.03315955400466919 47
1741165910523 -0.05021187663078308 48
1741165911579 -0.09165588766336441 49
1741165912649 -0.08022803068161011 50
