1741165677333 -0.06629243493080139 1
1741165679508 -0.15483130514621735 2
1741165680596 -0.0775955468416214 3
1741165681684 -0.11498566716909409 4
1741165682756 -0.05887285992503166 5
1741165683817 -0.1414121389389038 6
1741165684886 -0.09122192114591599 7
1741165685957 -0.11139611899852753 8
1741165687029 -0.05669669434428215 9
1741165688101 -0.061091598123311996 10
1741165734589 -0.08398019522428513 11
1741165735660 -0.09423551708459854 12
1741165736733 -0.05752447992563248 13
1741165737801 -0.12391355633735657 14
1741165738850 -0.09610611945390701 15
1741165739919 -0.08036168664693832 16
1741165741002 -0.10331662744283676 17
1741165742054 -0.09381577372550964 18
1741165743124 -0.08796213567256927 19
1741165744206 -0.06897303462028503 20
1741165790853 -0.05467937886714935 21
1741165791933 -0.09390716254711151 22
1741165792991 -0.13104072213172913 23
1741165794056 -0.09056786447763443 24
1741165795134 -0.04348638281226158 25
1741165796211 -0.12872645258903503 26
1741165797276 -0.08229061961174011 27
1741165798337 -0.07628005743026733 28
1741165799413 -0.06831594556570053 29
1741165800480 -0.09820334613323212 30
1741165846851 -0.10047028958797455 31
1741165847929 -0.0464790016412735 32
1741165849006 -0.09103697538375854 33
1741165850061 -0.0766754150390625 34
1741165851133 -0.07464135438203812 35
1741165852212 -0.0806410163640976 36
1741165853276 -0.12718069553375244 37
1741165854337 -0.08073975145816803 38
1741165855423 -0.05123770982027054 39
1741165856500 -0.04452705383300781 40
1741165902999 -0.10705916583538055 41
1741165904078 -0.061356835067272186 42
1741165905153 -0.09658710658550262 43
1741165906233 -0.065657839179039 44
1741165907301 -0.0817021057009697 45
1741165908381 -0.04100198298692703 46
1741165909450 -0.09365811944007874 47
1741165910523 -0.09737429767847061 48
1741165911579 -0.10104317218065262 49
1741165912649 -0.05021519586443901 50
