1745666442401 0.07692307692307693 1
1745666442975 0.15384615384615385 2
1745666443631 0.23076923076923078 3
1745666444181 0.3076923076923077 4
1745666444771 0.38461538461538464 5
1745666445503 0.46153846153846156 6
1745666446168 0.5384615384615384 7
1745666446790 0.6153846153846154 8
1745666447373 0.6923076923076923 9
1745666447851 0.7692307692307693 10
1745666448424 0.8461538461538461 11
1745666449052 0.9230769230769231 12
1745666450010 1.0 13
1745666456130 1.0769230769230769 14
1745666456702 1.1538461538461537 15
1745666457444 1.2307692307692308 16
1745666458009 1.3076923076923077 17
1745666458496 1.3846153846153846 18
1745666459124 1.4615384615384617 19
1745666459704 1.5384615384615383 20
1745666507158 1.5384615384615383 20
1745666507782 1.6153846153846154 21
1745666508235 1.6923076923076923 22
1745666508903 1.7692307692307692 23
1745666509530 1.8461538461538463 24
1745666510105 1.9230769230769231 25
