1745666442401 14.663010597229004 1
1745666442975 16.646039962768555 2
1745666443631 3.0104310512542725 3
1745666444181 2.057286500930786 4
1745666444771 3.1625123023986816 5
1745666445503 2.58609938621521 6
1745666446168 3.722050189971924 7
1745666446790 2.3557870388031006 8
1745666447373 1.747559666633606 9
1745666447851 2.661654233932495 10
1745666448424 1.3776692152023315 11
1745666449052 1.405930995941162 12
1745666450010 1.346063256263733 13
1745666456130 1.2824478149414062 14
1745666456702 0.9361048340797424 15
1745666457444 1.0551631450653076 16
1745666458009 1.3350096940994263 17
1745666458496 1.5411672592163086 18
1745666459124 1.1369802951812744 19
1745666459704 1.2804003953933716 20
1745666507782 1.3596432209014893 21
1745666508235 1.8172084093093872 22
1745666508903 1.9410663843154907 23
1745666509530 3.620896339416504 24
1745666510105 1.7369087934494019 25
