1745666442401 0.0 1
1745666442975 5e-05 2
1745666443631 0.0001 3
1745666444181 9.957224306869053e-05 4
1745666444771 9.829629131445342e-05 5
1745666445503 9.619397662556435e-05 6
1745666446168 9.330127018922194e-05 7
1745666446790 8.966766701456177e-05 8
1745666447373 8.535533905932738e-05 9
1745666447851 8.043807145043604e-05 10
1745666448424 7.500000000000001e-05 11
1745666449052 6.91341716182545e-05 12
1745666450010 6.294095225512603e-05 13
1745666456130 5.6526309611002594e-05 14
1745666456702 5e-05 15
1745666457444 4.347369038899744e-05 16
1745666458009 3.705904774487396e-05 17
1745666458496 3.086582838174551e-05 18
1745666459124 2.500000000000001e-05 19
1745666459704 1.9561928549563968e-05 20
1745666507782 1.4644660940672627e-05 21
1745666508235 1.0332332985438248e-05 22
1745666508903 6.698729810778065e-06 23
1745666509530 3.8060233744356633e-06 24
1745666510105 1.70370868554659e-06 25
