1745666442401 2.213 1
1745666442975 2.2219 2
1745666443631 1.1644 3
1745666444181 1.044 4
1745666444771 0.9212 5
1745666445503 0.9097 6
1745666446168 1.4866 7
1745666446790 1.1673 8
1745666447373 0.7586 9
1745666447851 0.8561 10
1745666448424 1.0079 11
1745666449052 0.951 12
1745666450010 0.5686 13
1745666456130 0.5212 14
1745666456702 0.5529 15
1745666457444 0.3173 16
1745666458009 0.4642 17
1745666458496 0.5965 18
1745666459124 0.3943 19
1745666459704 0.4464 20
1745666507782 0.5942 21
1745666508235 0.4479 22
1745666508903 0.4592 23
1745666509530 0.5797 24
1745666510105 0.3439 25
