1741166859353 -0.6629244089126587 1
1741166863150 -1.5483131408691406 2
1741166866337 -0.7768853306770325 3
1741166869510 -1.150935411453247 4
1741166872256 -0.5880119204521179 5
1741166876601 -1.4145193099975586 6
1741166878665 -0.9095449447631836 7
1741166881640 -1.1050264835357666 8
1741166883986 -0.5622009038925171 9
1741166886886 -0.6019257307052612 10
1741166889315 -0.8120628595352173 11
1741166893792 -0.9171247482299805 12
1741166896232 -0.5699623823165894 13
1741166898666 -1.2098966836929321 14
1741166901678 -0.9203607439994812 15
1741166904329 -0.76508629322052 16
1741166907243 -1.006581425666809 17
1741166909659 -0.8974300026893616 18
1741166913024 -0.845491886138916 19
1741166915618 -0.658843994140625 20
1741166918297 -0.5411883592605591 21
1741166921723 -0.9050754308700562 22
1741166923697 -1.2200214862823486 23
1741166926328 -0.8663695454597473 24
1741166929180 -0.41910886764526367 25
1741166931909 -1.156195878982544 26
1741166934346 -0.7815072536468506 27
1741166937609 -0.7240921258926392 28
1741166940259 -0.6501395106315613 29
1741166943607 -0.8912550210952759 30
1741166945981 -0.9163716435432434 31
1741166948147 -0.47123026847839355 32
1741166950536 -0.8739141225814819 33
1741166953514 -0.710390031337738 34
1741166956578 -0.6761294007301331 35
1741166958648 -0.7261601686477661 36
1741166961847 -1.1720820665359497 37
1741166964232 -0.7993619441986084 38
1741166967400 -0.5304760932922363 39
1741166969715 -0.4522545635700226 40
1741166972618 -1.0462274551391602 41
1741166975773 -0.6282809972763062 42
1741166978668 -0.9359288215637207 43
1741166982486 -0.6480971574783325 44
1741166984480 -0.8378709554672241 45
1741166987451 -0.4459567070007324 46
1741166989990 -0.9654959440231323 47
1741166993556 -1.0066510438919067 48
1741166996478 -1.0282014608383179 49
1741166999710 -0.5724437236785889 50
1741167051102 -0.6559473276138306 51
1741167055418 -0.5757423043251038 52
1741167057277 -1.0579107999801636 53
1741167059480 -1.3475219011306763 54
1741167062330 -0.5950273871421814 55
1741167064980 -0.8676918148994446 56
1741167068448 -0.5611649751663208 57
1741167070864 -0.8192793130874634 58
1741167073704 -1.584847331047058 59
1741167076010 -0.7034863829612732 60
1741167079305 -1.086383581161499 61
1741167082672 -1.004778265953064 62
1741167086485 -0.8322277069091797 63
1741167089827 -1.1212692260742188 64
1741167093084 -0.6217449903488159 65
1741167095643 -1.3686901330947876 66
1741167098732 -0.5882729887962341 67
1741167103374 -1.0498697757720947 68
1741167108341 -0.647368311882019 69
1741167110701 -1.4216357469558716 70
1741167113472 -0.9205495119094849 71
1741167116238 -1.003049612045288 72
1741167118047 -1.3070167303085327 73
1741167121320 -0.9214790463447571 74
1741167124276 -0.9783509969711304 75
1741167127363 -1.143203854560852 76
1741167130122 -1.0292268991470337 77
1741167132604 -0.917978048324585 78
1741167135408 -0.9410269856452942 79
1741167137905 -1.059645175933838 80
1741167141254 -1.4066623449325562 81
1741167143301 -0.9092522859573364 82
1741167145942 -0.8454300761222839 83
1741167148629 -0.9395391941070557 84
1741167152824 -1.6211128234863281 85
1741167155215 -0.960338294506073 86
1741167159371 -1.025813102722168 87
1741167162568 -1.4303489923477173 88
1741167165336 -1.081453800201416 89
1741167167998 -1.0524506568908691 90
1741167170956 -1.6068248748779297 91
1741167173891 -1.067621111869812 92
1741167177338 -0.8879245519638062 93
1741167179846 -0.7655571699142456 94
1741167181579 -1.043846607208252 95
1741167184714 -1.0654983520507812 96
1741167187219 -1.0217832326889038 97
1741167190585 -1.073886752128601 98
1741167193333 -1.2931387424468994 99
1741167197502 -1.1875081062316895 100
