1741166510134 -1.03501558303833 1
1741166514512 -0.9647409915924072 2
1741166516931 -1.119138240814209 3
1741166519691 -1.1389375925064087 4
1741166522353 -0.8656289577484131 5
1741166525913 -1.071164846420288 6
1741166528644 -0.6658098697662354 7
1741166531080 -1.1972519159317017 8
1741166533124 -1.1219894886016846 9
1741166535518 -1.5273563861846924 10
1741166538391 -1.5710716247558594 11
1741166540685 -0.6208358407020569 12
1741166544116 -1.0576575994491577 13
1741166548484 -1.0754833221435547 14
1741166550453 -1.2486279010772705 15
1741166553063 -1.6069358587265015 16
1741166555786 -0.6797831058502197 17
1741166558029 -1.1124404668807983 18
1741166560839 -0.9984720945358276 19
1741166562845 -1.0315380096435547 20
1741166565840 -1.5239613056182861 21
1741166569126 -1.4872492551803589 22
1741166570985 -0.6718118786811829 23
1741166573210 -0.4929056465625763 24
1741166576246 -0.9550164937973022 25
1741166579721 -0.5105428695678711 26
1741166582966 -1.3560571670532227 27
1741166585946 -0.978844165802002 28
1741166589572 -0.708465576171875 29
1741166592500 -0.9911129474639893 30
1741166595772 -1.0888779163360596 31
1741166598548 -1.39317786693573 32
1741166601316 -1.0106778144836426 33
1741166603162 -0.45207107067108154 34
1741166606994 -1.1273919343948364 35
1741166608927 -1.0930311679840088 36
1741166612250 -0.5152007341384888 37
1741166614730 -1.4380816221237183 38
1741166618268 -1.4521384239196777 39
1741166621780 -0.6520333886146545 40
1741166625196 -1.01584792137146 41
1741166629473 -1.1490997076034546 42
1741166632351 -1.063721776008606 43
1741166635146 -1.4428154230117798 44
1741166638166 -0.1689475178718567 45
1741166640563 -0.9978787899017334 46
1741166643389 -1.4256552457809448 47
1741166646093 -1.071131944656372 48
1741166647963 -0.4224623441696167 49
1741166650365 -1.5572528839111328 50
1741166652602 -1.1211938858032227 51
1741166655540 -1.344698190689087 52
1741166659415 -1.0459179878234863 53
1741166662064 -0.6931428909301758 54
1741166665460 -1.5688743591308594 55
1741166669482 -0.7791261672973633 56
1741166672422 -1.556180477142334 57
1741166675371 -1.1738706827163696 58
1741166679045 -0.9046270847320557 59
1741166681019 -1.2015475034713745 60
1741166683902 -1.243856430053711 61
1741166687142 -1.5273940563201904 62
1741166689241 -1.15097975730896 63
1741166691593 -0.6900714635848999 64
1741166694175 -1.6507748365402222 65
1741166696311 -1.2996435165405273 66
1741166698296 -0.8613709807395935 67
1741166701002 -1.0035525560379028 68
1741166704383 -1.7228344678878784 69
1741166706066 -1.522042989730835 70
1741166709679 -1.6699520349502563 71
1741166712148 -1.7137959003448486 72
1741166714680 -0.9491201639175415 73
1741166717541 -0.8297758102416992 74
1741166720339 -1.3746066093444824 75
1741166723483 -1.028311848640442 76
1741166726496 -1.5665440559387207 77
1741166730286 -1.2926839590072632 78
1741166733137 -1.3837288618087769 79
1741166735789 -1.3236373662948608 80
1741166739099 -1.3261526823043823 81
1741166741416 -1.650956153869629 82
