1741166510134 -1.0476480722427368 1
1741166514512 -1.0657000541687012 2
1741166516931 -1.0646898746490479 3
1741166519691 -1.0610414743423462 4
1741166522353 -0.6073097586631775 5
1741166525913 -1.0432158708572388 6
1741166528644 -0.5813356637954712 7
1741166531080 -1.0832921266555786 8
1741166533124 -1.0839730501174927 9
1741166535518 -1.5442321300506592 10
1741166538391 -1.5352522134780884 11
1741166540685 -0.6162165999412537 12
1741166544116 -1.0576300621032715 13
1741166548484 -1.0317840576171875 14
1741166550453 -1.1089380979537964 15
1741166553063 -1.5905570983886719 16
1741166555786 -0.5021451115608215 17
1741166558029 -1.0781006813049316 18
1741166560839 -1.0599889755249023 19
1741166562845 -1.107144832611084 20
1741166565840 -1.5844230651855469 21
1741166569126 -1.5750927925109863 22
1741166570985 -0.5346251130104065 23
1741166573210 -0.5538955926895142 24
1741166576246 -1.0890355110168457 25
1741166579721 -0.46845436096191406 26
1741166582966 -1.5708484649658203 27
1741166585946 -1.0882089138031006 28
1741166589572 -0.6338598132133484 29
1741166592500 -1.03159761428833 30
1741166595772 -1.0753223896026611 31
1741166598548 -1.5928101539611816 32
1741166601316 -1.1253554821014404 33
1741166603162 -0.5352014899253845 34
1741166606994 -1.0902429819107056 35
1741166608927 -1.0787441730499268 36
1741166612250 -0.538166344165802 37
1741166614730 -1.6511192321777344 38
1741166618268 -1.5659972429275513 39
1741166621780 -0.653307318687439 40
1741166625196 -1.1054069995880127 41
1741166629473 -1.1422888040542603 42
1741166632351 -1.119733214378357 43
1741166635146 -1.5558189153671265 44
1741166638166 -0.12027714401483536 45
1741166640563 -1.1258221864700317 46
1741166643389 -1.61984384059906 47
1741166646093 -1.0927815437316895 48
1741166647963 -0.1740129590034485 49
1741166650365 -1.6578832864761353 50
1741166652602 -1.1583530902862549 51
1741166655540 -1.2002224922180176 52
1741166659415 -1.1351951360702515 53
1741166662064 -0.6513904333114624 54
1741166665460 -1.6196277141571045 55
1741166669482 -0.6533184051513672 56
1741166672422 -1.5979318618774414 57
1741166675371 -1.2377345561981201 58
1741166679045 -0.6872040033340454 59
1741166681019 -1.2208342552185059 60
1741166683902 -1.239543080329895 61
1741166687142 -1.650205135345459 62
1741166689241 -1.164201259613037 63
1741166691593 -0.25357815623283386 64
1741166694175 -1.7463456392288208 65
1741166696311 -1.2906508445739746 66
1741166698296 -0.681548535823822 67
1741166701002 -0.7930511236190796 68
1741166704383 -1.7258484363555908 69
1741166706066 -1.7011710405349731 70
1741166709679 -1.735578179359436 71
1741166712148 -1.75874662399292 72
1741166714680 -0.7758684158325195 73
1741166717541 -0.7449820041656494 74
1741166720339 -1.2533961534500122 75
1741166723483 -0.7764075994491577 76
1741166726496 -1.7320945262908936 77
1741166730286 -1.3241727352142334 78
1741166733137 -1.2507970333099365 79
1741166735789 -1.2493431568145752 80
1741166739099 -1.3285824060440063 81
1741166741416 -1.7459007501602173 82
