1745683630607 0.04 1
1745683631177 0.08 2
1745683631616 0.12 3
1745683632183 0.16 4
1745683632733 0.2 5
1745683633259 0.24 6
1745683633822 0.28 7
1745683634403 0.32 8
1745683634932 0.36 9
1745683635368 0.4 10
1745683652110 0.4 10
1745683652611 0.44 11
1745683653034 0.48 12
1745683653482 0.52 13
1745683654021 0.56 14
1745683654433 0.6 15
1745683655019 0.64 16
1745683655491 0.68 17
1745683655876 0.72 18
1745683656398 0.76 19
1745683656894 0.8 20
1745683657321 0.8 20
1745683657824 0.84 21
1745683658296 0.88 22
1745683658718 0.92 23
1745683659182 0.96 24
1745683659718 1.0 25
1745683660173 1.04 26
1745683660720 1.08 27
1745683661283 1.12 28
1745683661708 1.16 29
1745683662043 1.2 30
1745683677398 1.2 30
1745683677926 1.24 31
1745683678412 1.28 32
1745683678920 1.32 33
1745683679385 1.3599999999999999 34
1745683679825 1.4 35
1745683680216 1.44 36
1745683680606 1.48 37
1745683681008 1.52 38
1745683681493 1.56 39
1745683682090 1.6 40
1745683700743 1.6 40
1745683701209 1.6400000000000001 41
1745683701698 1.6800000000000002 42
1745683702139 1.72 43
1745683702583 1.76 44
1745683703063 1.8 45
1745683703512 1.8399999999999999 46
1745683703984 1.88 47
1745683704403 1.92 48
1745683704854 1.96 49
1745683705274 2.0 50
1745683721650 2.0 50
1745683747730 2.0 50
