1745683630607 5.246981620788574 1
1745683631177 5.626755714416504 2
1745683631616 7.245514392852783 3
1745683632183 10.518423080444336 4
1745683632733 2.93666934967041 5
1745683633259 1.520477294921875 6
1745683633822 1.1950191259384155 7
1745683634403 0.9751309752464294 8
1745683634932 1.169663667678833 9
1745683635368 1.2387422323226929 10
1745683652611 1.1806145906448364 11
1745683653034 1.7841240167617798 12
1745683653482 1.7133334875106812 13
1745683654021 1.162828803062439 14
1745683654433 1.4365665912628174 15
1745683655019 1.4351063966751099 16
1745683655491 1.1732126474380493 17
1745683655876 1.2919538021087646 18
1745683656398 1.3913804292678833 19
1745683656894 1.8925926685333252 20
1745683657824 1.0753751993179321 21
1745683658296 1.1912484169006348 22
1745683658718 1.6249645948410034 23
1745683659182 1.3769959211349487 24
1745683659718 2.217782497406006 25
1745683660173 0.9344257712364197 26
1745683660720 0.6689669489860535 27
1745683661283 0.9720908403396606 28
1745683661708 2.0118250846862793 29
1745683662043 1.108779788017273 30
1745683677926 1.0668491125106812 31
1745683678412 1.4162133932113647 32
1745683678920 1.0228956937789917 33
1745683679385 1.3195935487747192 34
1745683679825 0.9444067478179932 35
1745683680216 2.181886911392212 36
1745683680606 0.8157285451889038 37
1745683681008 1.531577467918396 38
1745683681493 1.4434643983840942 39
1745683682090 1.4895920753479004 40
1745683701209 0.852124810218811 41
1745683701698 2.3710856437683105 42
1745683702139 0.9197344183921814 43
1745683702583 0.9790350794792175 44
1745683703063 0.977825403213501 45
1745683703512 1.258690595626831 46
1745683703984 0.871302604675293 47
1745683704403 1.302304744720459 48
1745683704854 1.3689132928848267 49
1745683705274 1.2649266719818115 50
