1745683630607 0.0 1
1745683631177 3.3333333333333335e-05 2
1745683631616 6.666666666666667e-05 3
1745683632183 0.0001 4
1745683632733 9.988834393115767e-05 5
1745683633259 9.9553874407739e-05 6
1745683633822 9.899808525182935e-05 7
1745683634403 9.822345875271883e-05 8
1745683634932 9.723345458039594e-05 9
1745683635368 9.603249433382144e-05 10
1745683652611 9.462594179299406e-05 11
1745683653034 9.302007896300698e-05 12
1745683653482 9.122207801708802e-05 13
1745683654021 8.923996926393305e-05 14
1745683654433 8.708260528239788e-05 15
1745683655019 8.475962138373213e-05 16
1745683655491 8.228139257794012e-05 17
1745683655876 7.965898723646776e-05 18
1745683656398 7.690411765816864e-05 19
1745683656894 7.402908775933419e-05 20
1745683657824 7.104673812141675e-05 21
1745683658296 6.797038864187564e-05 22
1745683658718 6.481377904428171e-05 23
1745683659182 6.159100751337642e-05 24
1745683659718 5.831646772915651e-05 25
1745683660173 5.5004784581204927e-05 26
1745683660720 5.167074885038373e-05 27
1745683661283 4.832925114961629e-05 28
1745683661708 4.4995215418795085e-05 29
1745683662043 4.1683532270843504e-05 30
1745683677926 3.840899248662358e-05 31
1745683678412 3.5186220955718306e-05 32
1745683678920 3.202961135812437e-05 33
1745683679385 2.895326187858326e-05 34
1745683679825 2.5970912240665813e-05 35
1745683680216 2.3095882341831372e-05 36
1745683680606 2.0341012763532243e-05 37
1745683681008 1.771860742205988e-05 38
1745683681493 1.5240378616267886e-05 39
1745683682090 1.2917394717602121e-05 40
1745683701209 1.0760030736066951e-05 41
1745683701698 8.777921982911996e-06 42
1745683702139 6.979921036993042e-06 43
1745683702583 5.374058207005944e-06 44
1745683703063 3.967505666178556e-06 45
1745683703512 2.7665454196040664e-06 46
1745683703984 1.7765412472811771e-06 47
1745683704403 1.0019147481706625e-06 48
1745683704854 4.461255922609986e-07 49
1745683705274 1.1165606884234181e-07 50
