1745683630607 1.2903 1
1745683631177 1.5389 2
1745683631616 1.1863 3
1745683632183 0.8491 4
1745683632733 1.032 5
1745683633259 1.0071 6
1745683633822 0.9577 7
1745683634403 0.8755 8
1745683634932 0.9792 9
1745683635368 0.624 10
1745683652611 1.0462 11
1745683653034 1.073 12
1745683653482 1.0412 13
1745683654021 0.8418 14
1745683654433 0.9965 15
1745683655019 0.7435 16
1745683655491 0.7892 17
1745683655876 1.0232 18
1745683656398 1.1189 19
1745683656894 0.9193 20
1745683657824 0.9776 21
1745683658296 0.8289 22
1745683658718 0.9685 23
1745683659182 0.8986 24
1745683659718 0.9029 25
1745683660173 0.3772 26
1745683660720 0.467 27
1745683661283 0.4061 28
1745683661708 0.4352 29
1745683662043 0.2555 30
1745683677926 0.5931 31
1745683678412 0.5533 32
1745683678920 0.5897 33
1745683679385 0.5639 34
1745683679825 0.4706 35
1745683680216 0.484 36
1745683680606 0.4218 37
1745683681008 0.67 38
1745683681493 0.4116 39
1745683682090 0.5293 40
1745683701209 0.4834 41
1745683701698 0.3212 42
1745683702139 0.5052 43
1745683702583 0.5468 44
1745683703063 0.439 45
1745683703512 0.4953 46
1745683703984 0.2266 47
1745683704403 0.4436 48
1745683704854 0.3467 49
1745683705274 0.4512 50
