1745676666895 0.01 1
1745676667469 0.02 2
1745676667898 0.03 3
1745676668323 0.04 4
1745676668953 0.05 5
1745676669628 0.06 6
1745676670112 0.07 7
1745676670574 0.08 8
1745676670990 0.09 9
1745676671580 0.1 10
1745676680579 0.1 10
1745676681170 0.11 11
1745676681571 0.12 12
1745676682059 0.13 13
1745676682580 0.14 14
1745676683052 0.15 15
1745676683450 0.16 16
1745676684016 0.17 17
1745676684502 0.18 18
1745676685128 0.19 19
1745676685528 0.2 20
1745676700931 0.2 20
1745676701578 0.21 21
1745676702171 0.22 22
1745676702846 0.23 23
1745676703264 0.24 24
1745676703679 0.25 25
1745676704141 0.26 26
1745676704814 0.27 27
1745676705313 0.28 28
1745676705799 0.29 29
1745676706222 0.3 30
1745676729326 0.3 30
1745676729888 0.31 31
1745676730445 0.32 32
1745676730945 0.33 33
1745676731445 0.34 34
1745676731886 0.35 35
1745676732422 0.36 36
1745676732919 0.37 37
1745676733335 0.38 38
1745676733745 0.39 39
1745676734143 0.4 40
