1745676666895 14.139101028442383 1
1745676667469 22.01803970336914 2
1745676667898 15.41972827911377 3
1745676668323 23.857452392578125 4
1745676668953 2.892939567565918 5
1745676669628 2.658273220062256 6
1745676670112 4.298638820648193 7
1745676670574 3.9994726181030273 8
1745676670990 10.182642936706543 9
1745676671580 3.156954050064087 10
1745676681170 2.9015753269195557 11
1745676681571 4.641841411590576 12
1745676682059 3.0700857639312744 13
1745676682580 5.95052433013916 14
1745676683052 2.230210542678833 15
1745676683450 12.367196083068848 16
1745676684016 3.282360315322876 17
1745676684502 2.837909698486328 18
1745676685128 3.063153028488159 19
1745676685528 7.754159927368164 20
1745676701578 2.2274436950683594 21
1745676702171 2.7624568939208984 22
1745676702846 2.255795478820801 23
1745676703264 6.62204122543335 24
1745676703679 3.7201433181762695 25
1745676704141 3.0098702907562256 26
1745676704814 1.450958251953125 27
1745676705313 3.0139694213867188 28
1745676705799 3.383279323577881 29
1745676706222 2.237206220626831 30
1745676729888 1.9643679857254028 31
1745676730445 2.550424337387085 32
1745676730945 3.2616584300994873 33
1745676731445 3.1929450035095215 34
1745676731886 2.704533100128174 35
1745676732422 2.647367238998413 36
1745676732919 3.655712366104126 37
1745676733335 2.6122612953186035 38
1745676733745 4.275183200836182 39
1745676734143 3.1361923217773438 40
