1745676666895 0.0 1
1745676667469 1e-05 2
1745676667898 2e-05 3
1745676668323 3e-05 4
1745676668953 4e-05 5
1745676669628 5e-05 6
1745676670112 6e-05 7
1745676670574 7e-05 8
1745676670990 8e-05 9
1745676671580 9e-05 10
1745676681170 0.0001 11
1745676681571 9.999316524962345e-05 12
1745676682059 9.997266286704631e-05 13
1745676682580 9.993849845741524e-05 14
1745676683052 9.989068136093873e-05 15
1745676683450 9.98292246503335e-05 16
1745676684016 9.975414512725057e-05 17
1745676684502 9.966546331768191e-05 18
1745676685128 9.956320346634876e-05 19
1745676685528 9.944739353007344e-05 20
1745676701578 9.931806517013612e-05 21
1745676702171 9.917525374361912e-05 22
1745676702846 9.901899829374047e-05 23
1745676703264 9.884934153917997e-05 24
1745676703679 9.86663298624003e-05 25
1745676704141 9.847001329696653e-05 26
1745676704814 9.826044551386744e-05 27
1745676705313 9.803768380684242e-05 28
1745676705799 9.780178907671789e-05 29
1745676706222 9.755282581475769e-05 30
1745676729888 9.729086208503174e-05 31
1745676730445 9.701596950580806e-05 32
1745676730945 9.672822322997305e-05 33
1745676731445 9.642770192448536e-05 34
1745676731886 9.611448774886924e-05 35
1745676732422 9.578866633275288e-05 36
1745676732919 9.545032675245813e-05 37
1745676733335 9.509956150664796e-05 38
1745676733745 9.473646649103818e-05 39
1745676734143 9.43611409721806e-05 40
