1745676666895 1.7644 1
1745676667469 2.1681 2
1745676667898 1.8037 3
1745676668323 2.5327 4
1745676668953 1.0498 5
1745676669628 1.0702 6
1745676670112 1.4304 7
1745676670574 1.337 8
1745676670990 0.7933 9
1745676671580 1.2273 10
1745676681170 0.7964 11
1745676681571 1.1657 12
1745676682059 1.0377 13
1745676682580 0.6234 14
1745676683052 0.8738 15
1745676683450 0.8226 16
1745676684016 1.1858 17
1745676684502 1.0228 18
1745676685128 1.0472 19
1745676685528 0.9688 20
1745676701578 1.006 21
1745676702171 1.0979 22
1745676702846 1.1175 23
1745676703264 1.4058 24
1745676703679 1.4439 25
1745676704141 0.7571 26
1745676704814 0.6745 27
1745676705313 0.9142 28
1745676705799 0.811 29
1745676706222 0.4563 30
1745676729888 0.945 31
1745676730445 1.3963 32
1745676730945 0.379 33
1745676731445 1.0554 34
1745676731886 1.1183 35
1745676732422 1.5717 36
1745676732919 0.8564 37
1745676733335 0.6565 38
1745676733745 0.4377 39
1745676734143 0.8532 40
