1745735664468 0.04 1
1745735664682 0.08 2
1745735664875 0.12 3
1745735665084 0.16 4
1745735665299 0.2 5
1745735665512 0.24 6
1745735665727 0.28 7
1745735665967 0.32 8
1745735666171 0.36 9
1745735666357 0.4 10
1745735676731 0.4 10
1745735676939 0.44 11
1745735677113 0.48 12
1745735677287 0.52 13
1745735677490 0.56 14
1745735677689 0.6 15
1745735677943 0.64 16
1745735678131 0.68 17
1745735678304 0.72 18
1745735678503 0.76 19
1745735678685 0.8 20
1745735678966 0.8 20
1745735679176 0.84 21
1745735679352 0.88 22
1745735679538 0.92 23
1745735679741 0.96 24
1745735680001 1.0 25
1745735680229 1.04 26
1745735680431 1.08 27
1745735680632 1.12 28
1745735680820 1.16 29
1745735680995 1.2 30
1745735690342 1.2 30
1745735690560 1.24 31
1745735690752 1.28 32
1745735691004 1.32 33
1745735691206 1.3599999999999999 34
1745735691406 1.4 35
1745735691605 1.44 36
1745735691804 1.48 37
1745735691992 1.52 38
1745735692193 1.56 39
1745735692434 1.6 40
1745735704067 1.6 40
1745735704275 1.6400000000000001 41
1745735704450 1.6800000000000002 42
1745735704634 1.72 43
1745735704806 1.76 44
1745735704990 1.8 45
1745735705169 1.8399999999999999 46
1745735705368 1.88 47
1745735705568 1.92 48
1745735705757 1.96 49
1745735706020 2.0 50
1745735718986 2.0 50
1745735742206 2.0 50
