1745735664468 5.246981620788574 1
1745735664682 5.626755714416504 2
1745735664875 7.245514392852783 3
1745735665084 10.518423080444336 4
1745735665299 2.93666934967041 5
1745735665512 1.520477294921875 6
1745735665727 1.1950191259384155 7
1745735665967 0.9751309752464294 8
1745735666171 1.169663667678833 9
1745735666357 1.2387422323226929 10
1745735676939 1.1806145906448364 11
1745735677113 1.7841240167617798 12
1745735677287 1.7133334875106812 13
1745735677490 1.162828803062439 14
1745735677689 1.4365665912628174 15
1745735677943 1.4351063966751099 16
1745735678131 1.1732126474380493 17
1745735678304 1.2919538021087646 18
1745735678503 1.3913804292678833 19
1745735678685 1.8925926685333252 20
1745735679176 1.0753751993179321 21
1745735679352 1.1912484169006348 22
1745735679538 1.6249645948410034 23
1745735679741 1.3769959211349487 24
1745735680001 2.217782497406006 25
1745735680229 0.9344257712364197 26
1745735680431 0.6689669489860535 27
1745735680632 0.9720908403396606 28
1745735680820 2.0118250846862793 29
1745735680995 1.108779788017273 30
1745735690560 1.0668491125106812 31
1745735690752 1.4162133932113647 32
1745735691004 1.0228956937789917 33
1745735691206 1.3195935487747192 34
1745735691406 0.9444067478179932 35
1745735691605 2.181886911392212 36
1745735691804 0.8157285451889038 37
1745735691992 1.531577467918396 38
1745735692193 1.4434643983840942 39
1745735692434 1.4895920753479004 40
1745735704275 0.852124810218811 41
1745735704450 2.3710856437683105 42
1745735704634 0.9197344183921814 43
1745735704806 0.9790350794792175 44
1745735704990 0.977825403213501 45
1745735705169 1.258690595626831 46
1745735705368 0.871302604675293 47
1745735705568 1.302304744720459 48
1745735705757 1.3689132928848267 49
1745735706020 1.2649266719818115 50
