1745735664468 0.0 1
1745735664682 3.3333333333333335e-05 2
1745735664875 6.666666666666667e-05 3
1745735665084 0.0001 4
1745735665299 9.988834393115767e-05 5
1745735665512 9.9553874407739e-05 6
1745735665727 9.899808525182935e-05 7
1745735665967 9.822345875271883e-05 8
1745735666171 9.723345458039594e-05 9
1745735666357 9.603249433382144e-05 10
1745735676939 9.462594179299406e-05 11
1745735677113 9.302007896300698e-05 12
1745735677287 9.122207801708802e-05 13
1745735677490 8.923996926393305e-05 14
1745735677689 8.708260528239788e-05 15
1745735677943 8.475962138373213e-05 16
1745735678131 8.228139257794012e-05 17
1745735678304 7.965898723646776e-05 18
1745735678503 7.690411765816864e-05 19
1745735678685 7.402908775933419e-05 20
1745735679176 7.104673812141675e-05 21
1745735679352 6.797038864187564e-05 22
1745735679538 6.481377904428171e-05 23
1745735679741 6.159100751337642e-05 24
1745735680001 5.831646772915651e-05 25
1745735680229 5.5004784581204927e-05 26
1745735680431 5.167074885038373e-05 27
1745735680632 4.832925114961629e-05 28
1745735680820 4.4995215418795085e-05 29
1745735680995 4.1683532270843504e-05 30
1745735690560 3.840899248662358e-05 31
1745735690752 3.5186220955718306e-05 32
1745735691004 3.202961135812437e-05 33
1745735691206 2.895326187858326e-05 34
1745735691406 2.5970912240665813e-05 35
1745735691605 2.3095882341831372e-05 36
1745735691804 2.0341012763532243e-05 37
1745735691992 1.771860742205988e-05 38
1745735692193 1.5240378616267886e-05 39
1745735692434 1.2917394717602121e-05 40
1745735704275 1.0760030736066951e-05 41
1745735704450 8.777921982911996e-06 42
1745735704634 6.979921036993042e-06 43
1745735704806 5.374058207005944e-06 44
1745735704990 3.967505666178556e-06 45
1745735705169 2.7665454196040664e-06 46
1745735705368 1.7765412472811771e-06 47
1745735705568 1.0019147481706625e-06 48
1745735705757 4.461255922609986e-07 49
1745735706020 1.1165606884234181e-07 50
