1745735664468 1.2903 1
1745735664682 1.5389 2
1745735664875 1.1863 3
1745735665084 0.8491 4
1745735665299 1.032 5
1745735665512 1.0071 6
1745735665727 0.9577 7
1745735665967 0.8755 8
1745735666171 0.9792 9
1745735666357 0.624 10
1745735676939 1.0462 11
1745735677113 1.073 12
1745735677287 1.0412 13
1745735677490 0.8418 14
1745735677689 0.9965 15
1745735677943 0.7435 16
1745735678131 0.7892 17
1745735678304 1.0232 18
1745735678503 1.1189 19
1745735678685 0.9193 20
1745735679176 0.9776 21
1745735679352 0.8289 22
1745735679538 0.9685 23
1745735679741 0.8986 24
1745735680001 0.9029 25
1745735680229 0.3772 26
1745735680431 0.467 27
1745735680632 0.4061 28
1745735680820 0.4352 29
1745735680995 0.2555 30
1745735690560 0.5931 31
1745735690752 0.5533 32
1745735691004 0.5897 33
1745735691206 0.5639 34
1745735691406 0.4706 35
1745735691605 0.484 36
1745735691804 0.4218 37
1745735691992 0.67 38
1745735692193 0.4116 39
1745735692434 0.5293 40
1745735704275 0.4834 41
1745735704450 0.3212 42
1745735704634 0.5052 43
1745735704806 0.5468 44
1745735704990 0.439 45
1745735705169 0.4953 46
1745735705368 0.2266 47
1745735705568 0.4436 48
1745735705757 0.3467 49
1745735706020 0.4512 50
