1745828128265 0.1 1
1745828128900 0.2 2
1745828129536 0.3 3
1745828130123 0.4 4
1745828130708 0.5 5
1745828131170 0.6 6
1745828131841 0.7 7
1745828132395 0.8 8
1745828132962 0.9 9
1745828133574 1.0 10
1745828158199 1.0 10
1745828193192 1.0 10
1745828193796 1.1 11
1745828194333 1.2 12
1745828194906 1.3 13
1745828195366 1.4 14
1745828196001 1.5 15
1745828196568 1.6 16
1745828197138 1.7 17
1745828197537 1.8 18
1745828197954 1.9 19
1745828198681 2.0 20
1745828216941 2.0 20
1745828273177 2.0 20
1745828304825 2.0 20
