1745828128265 19.623624801635742 1
1745828128900 11.132955551147461 2
1745828129536 2.321153402328491 3
1745828130123 2.687490224838257 4
1745828130708 7.854044437408447 5
1745828131170 3.4557998180389404 6
1745828131841 1.711015224456787 7
1745828132395 2.3238790035247803 8
1745828132962 1.7503948211669922 9
1745828133574 1.8491352796554565 10
1745828193796 1.9814380407333374 11
1745828194333 2.2371597290039062 12
1745828194906 1.732017993927002 13
1745828195366 1.411887526512146 14
1745828196001 1.064894437789917 15
1745828196568 1.494853138923645 16
1745828197138 1.3915976285934448 17
1745828197537 3.3723561763763428 18
1745828197954 3.5472300052642822 19
1745828198681 1.4535601139068604 20
