1745828128265 0.0 1
1745828128900 0.0001 2
1745828129536 9.931806517013612e-05 3
1745828130123 9.729086208503174e-05 4
1745828130708 9.397368756032445e-05 5
1745828131170 8.945702546981969e-05 6
1745828131841 8.386407858128706e-05 7
1745828132395 7.734740790612136e-05 8
1745828132962 7.008477123264848e-05 9
1745828133574 6.227427435703997e-05 10
1745828193796 5.4128967273616625e-05 11
1745828194333 4.5871032726383386e-05 12
1745828194906 3.772572564296005e-05 13
1745828195366 2.991522876735154e-05 14
1745828196001 2.2652592093878666e-05 15
1745828196568 1.6135921418712956e-05 16
1745828197138 1.0542974530180327e-05 17
1745828197537 6.026312439675552e-06 18
1745828197954 2.7091379149682685e-06 19
1745828198681 6.819348298638839e-07 20
