1745739952314 0.04 1
1745739952528 0.08 2
1745739952772 0.12 3
1745739953004 0.16 4
1745739953262 0.2 5
1745739953511 0.24 6
1745739953740 0.28 7
1745739953976 0.32 8
1745739954163 0.36 9
1745739954349 0.4 10
1745739964679 0.4 10
1745739974967 0.44 11
1745739975188 0.48 12
1745739975410 0.52 13
1745739975612 0.56 14
1745739975814 0.6 15
1745739976068 0.64 16
1745739976256 0.68 17
1745739976432 0.72 18
1745739976649 0.76 19
1745739976830 0.8 20
1745739977115 0.8 20
1745739977720 0.84 21
1745739977897 0.88 22
1745739978085 0.92 23
1745739978286 0.96 24
1745739978554 1.0 25
1745739978797 1.04 26
1745739979000 1.08 27
1745739979199 1.12 28
1745739979387 1.16 29
1745739979565 1.2 30
1745739989004 1.2 30
1745739997784 1.24 31
1745739997975 1.28 32
1745739998227 1.32 33
1745739998478 1.3599999999999999 34
1745739998683 1.4 35
1745739998883 1.44 36
1745739999080 1.48 37
1745739999269 1.52 38
1745739999468 1.56 39
1745739999711 1.6 40
1745740009936 1.6 40
1745740023958 1.6400000000000001 41
1745740024144 1.6800000000000002 42
1745740024329 1.72 43
1745740024502 1.76 44
1745740024686 1.8 45
1745740024864 1.8399999999999999 46
1745740025063 1.88 47
1745740025263 1.92 48
1745740025450 1.96 49
1745740025731 2.0 50
1745740036155 2.0 50
1745740072300 2.0 50
