1745739952314 5.246981620788574 1
1745739952528 5.626755714416504 2
1745739952772 7.245514392852783 3
1745739953004 10.518423080444336 4
1745739953262 2.93666934967041 5
1745739953511 1.520477294921875 6
1745739953740 1.1950191259384155 7
1745739953976 0.9751309752464294 8
1745739954163 1.169663667678833 9
1745739954349 1.2387422323226929 10
1745739974967 1.1818143129348755 11
1745739975188 1.786068320274353 12
1745739975410 1.7181062698364258 13
1745739975612 1.1622426509857178 14
1745739975814 1.4378889799118042 15
1745739976068 1.4299081563949585 16
1745739976256 1.1745820045471191 17
1745739976432 1.2964903116226196 18
1745739976649 1.4007620811462402 19
1745739976830 1.897182583808899 20
1745739977720 1.068820595741272 21
1745739977897 1.18644380569458 22
1745739978085 1.6235440969467163 23
1745739978286 1.3775619268417358 24
1745739978554 2.2045674324035645 25
1745739978797 0.9353097677230835 26
1745739979000 0.6646673679351807 27
1745739979199 0.9820264577865601 28
1745739979387 2.024965524673462 29
1745739979565 1.1167850494384766 30
1745739997784 1.068189024925232 31
1745739997975 1.4333568811416626 32
1745739998227 1.032127022743225 33
1745739998478 1.3262661695480347 34
1745739998683 0.9440269470214844 35
1745739998883 2.170935869216919 36
1745739999080 0.8151326775550842 37
1745739999269 1.5235594511032104 38
1745739999468 1.3996458053588867 39
1745739999711 1.4798272848129272 40
1745740023958 0.8472225069999695 41
1745740024144 2.3054440021514893 42
1745740024329 0.9170557260513306 43
1745740024502 0.9803776741027832 44
1745740024686 0.9772856831550598 45
1745740024864 1.2519601583480835 46
1745740025063 0.8615549802780151 47
1745740025263 1.2929081916809082 48
1745740025450 1.4448357820510864 49
1745740025731 1.2516989707946777 50
