1745739952314 0.0 1
1745739952528 3.3333333333333335e-05 2
1745739952772 6.666666666666667e-05 3
1745739953004 0.0001 4
1745739953262 9.988834393115767e-05 5
1745739953511 9.9553874407739e-05 6
1745739953740 9.899808525182935e-05 7
1745739953976 9.822345875271883e-05 8
1745739954163 9.723345458039594e-05 9
1745739954349 9.603249433382144e-05 10
1745739974967 9.462594179299406e-05 11
1745739975188 9.302007896300698e-05 12
1745739975410 9.122207801708802e-05 13
1745739975612 8.923996926393305e-05 14
1745739975814 8.708260528239788e-05 15
1745739976068 8.475962138373213e-05 16
1745739976256 8.228139257794012e-05 17
1745739976432 7.965898723646776e-05 18
1745739976649 7.690411765816864e-05 19
1745739976830 7.402908775933419e-05 20
1745739977720 7.104673812141675e-05 21
1745739977897 6.797038864187564e-05 22
1745739978085 6.481377904428171e-05 23
1745739978286 6.159100751337642e-05 24
1745739978554 5.831646772915651e-05 25
1745739978797 5.5004784581204927e-05 26
1745739979000 5.167074885038373e-05 27
1745739979199 4.832925114961629e-05 28
1745739979387 4.4995215418795085e-05 29
1745739979565 4.1683532270843504e-05 30
1745739997784 3.840899248662358e-05 31
1745739997975 3.5186220955718306e-05 32
1745739998227 3.202961135812437e-05 33
1745739998478 2.895326187858326e-05 34
1745739998683 2.5970912240665813e-05 35
1745739998883 2.3095882341831372e-05 36
1745739999080 2.0341012763532243e-05 37
1745739999269 1.771860742205988e-05 38
1745739999468 1.5240378616267886e-05 39
1745739999711 1.2917394717602121e-05 40
1745740023958 1.0760030736066951e-05 41
1745740024144 8.777921982911996e-06 42
1745740024329 6.979921036993042e-06 43
1745740024502 5.374058207005944e-06 44
1745740024686 3.967505666178556e-06 45
1745740024864 2.7665454196040664e-06 46
1745740025063 1.7765412472811771e-06 47
1745740025263 1.0019147481706625e-06 48
1745740025450 4.461255922609986e-07 49
1745740025731 1.1165606884234181e-07 50
