1745739952314 1.2903 1
1745739952528 1.5389 2
1745739952772 1.1863 3
1745739953004 0.8491 4
1745739953262 1.032 5
1745739953511 1.0071 6
1745739953740 0.9577 7
1745739953976 0.8755 8
1745739954163 0.9792 9
1745739954349 0.624 10
1745739974967 1.0471 11
1745739975188 1.0736 12
1745739975410 1.0402 13
1745739975612 0.8416 14
1745739975814 0.9957 15
1745739976068 0.7448 16
1745739976256 0.7889 17
1745739976432 1.0237 18
1745739976649 1.1189 19
1745739976830 0.9222 20
1745739977720 0.9767 21
1745739977897 0.8272 22
1745739978085 0.9679 23
1745739978286 0.8993 24
1745739978554 0.9024 25
1745739978797 0.3774 26
1745739979000 0.466 27
1745739979199 0.4045 28
1745739979387 0.435 29
1745739979565 0.2542 30
1745739997784 0.5902 31
1745739997975 0.5545 32
1745739998227 0.5885 33
1745739998478 0.5643 34
1745739998683 0.4701 35
1745739998883 0.4833 36
1745739999080 0.4244 37
1745739999269 0.6699 38
1745739999468 0.4114 39
1745739999711 0.5287 40
1745740023958 0.4839 41
1745740024144 0.3205 42
1745740024329 0.5054 43
1745740024502 0.5502 44
1745740024686 0.4397 45
1745740024864 0.4948 46
1745740025063 0.2258 47
1745740025263 0.4453 48
1745740025450 0.3485 49
1745740025731 0.4535 50
