1745736279361 0.04 1
1745736279572 0.08 2
1745736279762 0.12 3
1745736279963 0.16 4
1745736280165 0.2 5
1745736280376 0.24 6
1745736280588 0.28 7
1745736280821 0.32 8
1745736281007 0.36 9
1745736281194 0.4 10
1745736291430 0.4 10
1745736291638 0.44 11
1745736291816 0.48 12
1745736291995 0.52 13
1745736292199 0.56 14
1745736292409 0.6 15
1745736292667 0.64 16
1745736292912 0.68 17
1745736293169 0.72 18
1745736293418 0.76 19
1745736293643 0.8 20
1745736293948 0.8 20
1745736294143 0.84 21
1745736294322 0.88 22
1745736294510 0.92 23
1745736294711 0.96 24
1745736294973 1.0 25
1745736295220 1.04 26
1745736295423 1.08 27
1745736295622 1.12 28
1745736295809 1.16 29
1745736295991 1.2 30
1745736305137 1.2 30
1745736305352 1.24 31
1745736305544 1.28 32
1745736305795 1.32 33
1745736305997 1.3599999999999999 34
1745736306196 1.4 35
1745736306395 1.44 36
1745736306593 1.48 37
1745736306797 1.52 38
1745736306998 1.56 39
1745736307239 1.6 40
1745736318150 1.6 40
1745736318360 1.6400000000000001 41
1745736318542 1.6800000000000002 42
1745736318724 1.72 43
1745736318902 1.76 44
1745736319088 1.8 45
1745736319268 1.8399999999999999 46
1745736319468 1.88 47
1745736319668 1.92 48
1745736319858 1.96 49
1745736320137 2.0 50
1745736333213 2.0 50
1745736360301 2.0 50
