1745736279361 5.246981620788574 1
1745736279572 5.626755714416504 2
1745736279762 7.245514392852783 3
1745736279963 10.518423080444336 4
1745736280165 2.93666934967041 5
1745736280376 1.520477294921875 6
1745736280588 1.1950191259384155 7
1745736280821 0.9751309752464294 8
1745736281007 1.169663667678833 9
1745736281194 1.2387422323226929 10
1745736291638 1.1806145906448364 11
1745736291816 1.7841240167617798 12
1745736291995 1.7133334875106812 13
1745736292199 1.162828803062439 14
1745736292409 1.4365665912628174 15
1745736292667 1.4351063966751099 16
1745736292912 1.1732126474380493 17
1745736293169 1.2919538021087646 18
1745736293418 1.3913804292678833 19
1745736293643 1.8925926685333252 20
1745736294143 1.0753751993179321 21
1745736294322 1.1912484169006348 22
1745736294510 1.6249645948410034 23
1745736294711 1.3769959211349487 24
1745736294973 2.217782497406006 25
1745736295220 0.9344257712364197 26
1745736295423 0.6689669489860535 27
1745736295622 0.9720908403396606 28
1745736295809 2.0118250846862793 29
1745736295991 1.108779788017273 30
1745736305352 1.0668491125106812 31
1745736305544 1.4162133932113647 32
1745736305795 1.0228956937789917 33
1745736305997 1.3195935487747192 34
1745736306196 0.9444067478179932 35
1745736306395 2.181886911392212 36
1745736306593 0.8157285451889038 37
1745736306797 1.531577467918396 38
1745736306998 1.4434643983840942 39
1745736307239 1.4895920753479004 40
1745736318360 0.852124810218811 41
1745736318542 2.3710856437683105 42
1745736318724 0.9197344183921814 43
1745736318902 0.9790350794792175 44
1745736319088 0.977825403213501 45
1745736319268 1.258690595626831 46
1745736319468 0.871302604675293 47
1745736319668 1.302304744720459 48
1745736319858 1.3689132928848267 49
1745736320137 1.2649266719818115 50
