1745736279361 0.0 1
1745736279572 3.3333333333333335e-05 2
1745736279762 6.666666666666667e-05 3
1745736279963 0.0001 4
1745736280165 9.988834393115767e-05 5
1745736280376 9.9553874407739e-05 6
1745736280588 9.899808525182935e-05 7
1745736280821 9.822345875271883e-05 8
1745736281007 9.723345458039594e-05 9
1745736281194 9.603249433382144e-05 10
1745736291638 9.462594179299406e-05 11
1745736291816 9.302007896300698e-05 12
1745736291995 9.122207801708802e-05 13
1745736292199 8.923996926393305e-05 14
1745736292409 8.708260528239788e-05 15
1745736292667 8.475962138373213e-05 16
1745736292912 8.228139257794012e-05 17
1745736293169 7.965898723646776e-05 18
1745736293418 7.690411765816864e-05 19
1745736293643 7.402908775933419e-05 20
1745736294143 7.104673812141675e-05 21
1745736294322 6.797038864187564e-05 22
1745736294510 6.481377904428171e-05 23
1745736294711 6.159100751337642e-05 24
1745736294973 5.831646772915651e-05 25
1745736295220 5.5004784581204927e-05 26
1745736295423 5.167074885038373e-05 27
1745736295622 4.832925114961629e-05 28
1745736295809 4.4995215418795085e-05 29
1745736295991 4.1683532270843504e-05 30
1745736305352 3.840899248662358e-05 31
1745736305544 3.5186220955718306e-05 32
1745736305795 3.202961135812437e-05 33
1745736305997 2.895326187858326e-05 34
1745736306196 2.5970912240665813e-05 35
1745736306395 2.3095882341831372e-05 36
1745736306593 2.0341012763532243e-05 37
1745736306797 1.771860742205988e-05 38
1745736306998 1.5240378616267886e-05 39
1745736307239 1.2917394717602121e-05 40
1745736318360 1.0760030736066951e-05 41
1745736318542 8.777921982911996e-06 42
1745736318724 6.979921036993042e-06 43
1745736318902 5.374058207005944e-06 44
1745736319088 3.967505666178556e-06 45
1745736319268 2.7665454196040664e-06 46
1745736319468 1.7765412472811771e-06 47
1745736319668 1.0019147481706625e-06 48
1745736319858 4.461255922609986e-07 49
1745736320137 1.1165606884234181e-07 50
