1745736279361 1.2903 1
1745736279572 1.5389 2
1745736279762 1.1863 3
1745736279963 0.8491 4
1745736280165 1.032 5
1745736280376 1.0071 6
1745736280588 0.9577 7
1745736280821 0.8755 8
1745736281007 0.9792 9
1745736281194 0.624 10
1745736291638 1.0462 11
1745736291816 1.073 12
1745736291995 1.0412 13
1745736292199 0.8418 14
1745736292409 0.9965 15
1745736292667 0.7435 16
1745736292912 0.7892 17
1745736293169 1.0232 18
1745736293418 1.1189 19
1745736293643 0.9193 20
1745736294143 0.9776 21
1745736294322 0.8289 22
1745736294510 0.9685 23
1745736294711 0.8986 24
1745736294973 0.9029 25
1745736295220 0.3772 26
1745736295423 0.467 27
1745736295622 0.4061 28
1745736295809 0.4352 29
1745736295991 0.2555 30
1745736305352 0.5931 31
1745736305544 0.5533 32
1745736305795 0.5897 33
1745736305997 0.5639 34
1745736306196 0.4706 35
1745736306395 0.484 36
1745736306593 0.4218 37
1745736306797 0.67 38
1745736306998 0.4116 39
1745736307239 0.5293 40
1745736318360 0.4834 41
1745736318542 0.3212 42
1745736318724 0.5052 43
1745736318902 0.5468 44
1745736319088 0.439 45
1745736319268 0.4953 46
1745736319468 0.2266 47
1745736319668 0.4436 48
1745736319858 0.3467 49
1745736320137 0.4512 50
