1745739339832 0.04 1
1745739340044 0.08 2
1745739340235 0.12 3
1745739340439 0.16 4
1745739340641 0.2 5
1745739340851 0.24 6
1745739341064 0.28 7
1745739341298 0.32 8
1745739341489 0.36 9
1745739341677 0.4 10
1745739352379 0.4 10
1745739363000 0.44 11
1745739363275 0.48 12
1745739363521 0.52 13
1745739363766 0.56 14
1745739363969 0.6 15
1745739364226 0.64 16
1745739364419 0.68 17
1745739364596 0.72 18
1745739364798 0.76 19
1745739364980 0.8 20
1745739365264 0.8 20
1745739365853 0.84 21
1745739366030 0.88 22
1745739366222 0.92 23
1745739366425 0.96 24
1745739366702 1.0 25
1745739366939 1.04 26
1745739367146 1.08 27
1745739367349 1.12 28
1745739367537 1.16 29
1745739367713 1.2 30
1745739377055 1.2 30
1745739385770 1.24 31
1745739385962 1.28 32
1745739386218 1.32 33
1745739386424 1.3599999999999999 34
1745739386625 1.4 35
1745739386826 1.44 36
1745739387025 1.48 37
1745739387217 1.52 38
1745739387418 1.56 39
1745739387661 1.6 40
1745739397783 1.6 40
1745739411141 1.6400000000000001 41
1745739411317 1.6800000000000002 42
1745739411502 1.72 43
1745739411674 1.76 44
1745739411863 1.8 45
1745739412046 1.8399999999999999 46
1745739412246 1.88 47
1745739412447 1.92 48
1745739412665 1.96 49
1745739412971 2.0 50
1745739423200 2.0 50
1745739458945 2.0 50
