1745739339832 5.246981620788574 1
1745739340044 5.626755714416504 2
1745739340235 7.245514392852783 3
1745739340439 10.518423080444336 4
1745739340641 2.93666934967041 5
1745739340851 1.520477294921875 6
1745739341064 1.1950191259384155 7
1745739341298 0.9751309752464294 8
1745739341489 1.169663667678833 9
1745739341677 1.2387422323226929 10
1745739363000 1.1818143129348755 11
1745739363275 1.786068320274353 12
1745739363521 1.7181062698364258 13
1745739363766 1.1622426509857178 14
1745739363969 1.4378889799118042 15
1745739364226 1.4299081563949585 16
1745739364419 1.1745820045471191 17
1745739364596 1.2964903116226196 18
1745739364798 1.4007620811462402 19
1745739364980 1.897182583808899 20
1745739365853 1.068820595741272 21
1745739366030 1.18644380569458 22
1745739366222 1.6235440969467163 23
1745739366425 1.3775619268417358 24
1745739366702 2.2045674324035645 25
1745739366939 0.9353097677230835 26
1745739367146 0.6646673679351807 27
1745739367349 0.9820264577865601 28
1745739367537 2.024965524673462 29
1745739367713 1.1167850494384766 30
1745739385770 1.068189024925232 31
1745739385962 1.4333568811416626 32
1745739386218 1.032127022743225 33
1745739386424 1.3262661695480347 34
1745739386625 0.9440269470214844 35
1745739386826 2.170935869216919 36
1745739387025 0.8151326775550842 37
1745739387217 1.5235594511032104 38
1745739387418 1.3996458053588867 39
1745739387661 1.4798272848129272 40
1745739411141 0.8472225069999695 41
1745739411317 2.3054440021514893 42
1745739411502 0.9170557260513306 43
1745739411674 0.9803776741027832 44
1745739411863 0.9772856831550598 45
1745739412046 1.2519601583480835 46
1745739412246 0.8615549802780151 47
1745739412447 1.2929081916809082 48
1745739412665 1.4448357820510864 49
1745739412971 1.2516989707946777 50
