1745739339832 1.2903 1
1745739340044 1.5389 2
1745739340235 1.1863 3
1745739340439 0.8491 4
1745739340641 1.032 5
1745739340851 1.0071 6
1745739341064 0.9577 7
1745739341298 0.8755 8
1745739341489 0.9792 9
1745739341677 0.624 10
1745739363000 1.0471 11
1745739363275 1.0736 12
1745739363521 1.0402 13
1745739363766 0.8416 14
1745739363969 0.9957 15
1745739364226 0.7448 16
1745739364419 0.7889 17
1745739364596 1.0237 18
1745739364798 1.1189 19
1745739364980 0.9222 20
1745739365853 0.9767 21
1745739366030 0.8272 22
1745739366222 0.9679 23
1745739366425 0.8993 24
1745739366702 0.9024 25
1745739366939 0.3774 26
1745739367146 0.466 27
1745739367349 0.4045 28
1745739367537 0.435 29
1745739367713 0.2542 30
1745739385770 0.5902 31
1745739385962 0.5545 32
1745739386218 0.5885 33
1745739386424 0.5643 34
1745739386625 0.4701 35
1745739386826 0.4833 36
1745739387025 0.4244 37
1745739387217 0.6699 38
1745739387418 0.4114 39
1745739387661 0.5287 40
1745739411141 0.4839 41
1745739411317 0.3205 42
1745739411502 0.5054 43
1745739411674 0.5502 44
1745739411863 0.4397 45
1745739412046 0.4948 46
1745739412246 0.2258 47
1745739412447 0.4453 48
1745739412665 0.3485 49
1745739412971 0.4535 50
