1745669416305 0.07692307692307693 1
1745669416855 0.15384615384615385 2
1745669417505 0.23076923076923078 3
1745669418052 0.3076923076923077 4
1745669418635 0.38461538461538464 5
1745669419360 0.46153846153846156 6
1745669420023 0.5384615384615384 7
1745669420645 0.6153846153846154 8
1745669421224 0.6923076923076923 9
1745669421723 0.7692307692307693 10
1745669498434 0.7692307692307693 10
1745669499034 0.8461538461538461 11
1745669499662 0.9230769230769231 12
1745669500614 1.0 13
1745669507450 1.0769230769230769 14
1745669508017 1.1538461538461537 15
1745669508750 1.2307692307692308 16
1745669509300 1.3076923076923077 17
1745669509779 1.3846153846153846 18
1745669510407 1.4615384615384617 19
1745669510985 1.5384615384615383 20
1745669559775 1.5384615384615383 20
1745669560396 1.6153846153846154 21
1745669560849 1.6923076923076923 22
1745669561512 1.7692307692307692 23
1745669562156 1.8461538461538463 24
1745669562758 1.9230769230769231 25
1745669563826 2.0 26
