1745669416305 14.663939476013184 1
1745669416855 16.6458740234375 2
1745669417505 3.012112855911255 3
1745669418052 2.0582761764526367 4
1745669418635 3.1545462608337402 5
1745669419360 2.578738212585449 6
1745669420023 3.7217812538146973 7
1745669420645 2.335341691970825 8
1745669421224 1.742226004600525 9
1745669421723 2.6538004875183105 10
1745669499034 1.379515528678894 11
1745669499662 1.4058036804199219 12
1745669500614 1.3480557203292847 13
1745669507450 1.2834131717681885 14
1745669508017 0.9392816424369812 15
1745669508750 1.0545574426651 16
1745669509300 1.2321531772613525 17
1745669509779 1.5777214765548706 18
1745669510407 1.1311782598495483 19
1745669510985 1.2914057970046997 20
1745669560396 1.3569278717041016 21
1745669560849 1.7985332012176514 22
1745669561512 1.9363107681274414 23
1745669562156 3.58526611328125 24
1745669562758 1.8445719480514526 25
1745669563826 1.1466295719146729 26
