1745669416305 0.0 1
1745669416855 5e-05 2
1745669417505 0.0001 3
1745669418052 9.957224306869053e-05 4
1745669418635 9.829629131445342e-05 5
1745669419360 9.619397662556435e-05 6
1745669420023 9.330127018922194e-05 7
1745669420645 8.966766701456177e-05 8
1745669421224 8.535533905932738e-05 9
1745669421723 8.043807145043604e-05 10
1745669499034 7.500000000000001e-05 11
1745669499662 6.91341716182545e-05 12
1745669500614 6.294095225512603e-05 13
1745669507450 5.6526309611002594e-05 14
1745669508017 5e-05 15
1745669508750 4.347369038899744e-05 16
1745669509300 3.705904774487396e-05 17
1745669509779 3.086582838174551e-05 18
1745669510407 2.500000000000001e-05 19
1745669510985 1.9561928549563968e-05 20
1745669560396 1.4644660940672627e-05 21
1745669560849 1.0332332985438248e-05 22
1745669561512 6.698729810778065e-06 23
1745669562156 3.8060233744356633e-06 24
1745669562758 1.70370868554659e-06 25
1745669563826 4.277569313094809e-07 26
