1745669416305 2.213 1
1745669416855 2.2219 2
1745669417505 1.1666 3
1745669418052 1.0453 4
1745669418635 0.9187 5
1745669419360 0.9087 6
1745669420023 1.4896 7
1745669420645 1.1629 8
1745669421224 0.7577 9
1745669421723 0.8532 10
1745669499034 1.0089 11
1745669499662 0.9504 12
1745669500614 0.568 13
1745669507450 0.5212 14
1745669508017 0.5536 15
1745669508750 0.3175 16
1745669509300 0.467 17
1745669509779 0.5978 18
1745669510407 0.3945 19
1745669510985 0.4463 20
1745669560396 0.5926 21
1745669560849 0.4471 22
1745669561512 0.4592 23
1745669562156 0.5776 24
1745669562758 0.3401 25
1745669563826 0.1675 26
