1745823715718 0.02 1
1745823716143 0.04 2
1745823716813 0.06 3
1745823717289 0.08 4
1745823717872 0.1 5
1745823718455 0.12 6
1745823718908 0.14 7
1745823719315 0.16 8
1745823719873 0.18 9
1745823720496 0.2 10
1745823740147 0.2 10
1745823796763 0.2 10
1745823797405 0.22 11
1745823798059 0.24 12
1745823798510 0.26 13
1745823799177 0.28 14
1745823799655 0.3 15
1745823800206 0.32 16
1745823800700 0.34 17
1745823801173 0.36 18
1745823801587 0.38 19
1745823801993 0.4 20
1745823830874 0.4 20
1745823897788 0.4 20
1745823898424 0.42 21
1745823898916 0.44 22
1745823899335 0.46 23
1745823899783 0.48 24
1745823900182 0.5 25
1745823900629 0.52 26
1745823901215 0.54 27
1745823901801 0.56 28
1745823902252 0.58 29
1745823902800 0.6 30
1745823920107 0.6 30
1745823975186 0.6 30
1745823975642 0.62 31
1745823976216 0.64 32
1745823976798 0.66 33
1745823977262 0.68 34
1745823977748 0.7 35
1745823978202 0.72 36
1745823978654 0.74 37
1745823979278 0.76 38
1745823979834 0.78 39
1745823980229 0.8 40
1745824005790 0.8 40
