1745823715718 14.77668571472168 1
1745823716143 30.414472579956055 2
1745823716813 4.367608070373535 3
1745823717289 4.987722396850586 4
1745823717872 5.894924163818359 5
1745823718455 2.6359071731567383 6
1745823718908 2.9780898094177246 7
1745823719315 5.013653755187988 8
1745823719873 2.2021148204803467 9
1745823720496 4.534485816955566 10
1745823797405 1.9830293655395508 11
1745823798059 3.4922029972076416 12
1745823798510 2.6672275066375732 13
1745823799177 1.9624017477035522 14
1745823799655 2.0954322814941406 15
1745823800206 1.4826873540878296 16
1745823800700 2.184504985809326 17
1745823801173 1.9961186647415161 18
1745823801587 2.4058802127838135 19
1745823801993 2.884403944015503 20
1745823898424 2.234004259109497 21
1745823898916 1.8498759269714355 22
1745823899335 3.3033127784729004 23
1745823899783 3.2605559825897217 24
1745823900182 3.1757571697235107 25
1745823900629 1.940006136894226 26
1745823901215 2.189220428466797 27
1745823901801 1.4848467111587524 28
1745823902252 2.083094596862793 29
1745823902800 2.3157801628112793 30
1745823975642 1.8501925468444824 31
1745823976216 3.0022311210632324 32
1745823976798 1.4919408559799194 33
1745823977262 2.2567412853240967 34
1745823977748 1.9276454448699951 35
1745823978202 1.7205730676651 36
1745823978654 2.0395970344543457 37
1745823979278 1.8996483087539673 38
1745823979834 1.6763235330581665 39
1745823980229 5.543338298797607 40
