1745823715718 0.0 1
1745823716143 2e-05 2
1745823716813 4e-05 3
1745823717289 6e-05 4
1745823717872 8e-05 5
1745823718455 0.0001 6
1745823718908 9.997266286704631e-05 7
1745823719315 9.989068136093873e-05 8
1745823719873 9.975414512725057e-05 9
1745823720496 9.956320346634876e-05 10
1745823797405 9.931806517013612e-05 11
1745823798059 9.901899829374047e-05 12
1745823798510 9.86663298624003e-05 13
1745823799177 9.826044551386744e-05 14
1745823799655 9.780178907671789e-05 15
1745823800206 9.729086208503174e-05 16
1745823800700 9.672822322997305e-05 17
1745823801173 9.611448774886924e-05 18
1745823801587 9.545032675245813e-05 19
1745823801993 9.473646649103818e-05 20
1745823898424 9.397368756032445e-05 21
1745823898916 9.316282404787871e-05 22
1745823899335 9.230476262104677e-05 23
1745823899783 9.140044155740101e-05 24
1745823900182 9.045084971874738e-05 25
1745823900629 8.945702546981969e-05 26
1745823901215 8.842005554284296e-05 27
1745823901801 8.73410738492077e-05 28
1745823902252 8.622126023955446e-05 29
1745823902800 8.506183921362443e-05 30
1745823975642 8.386407858128706e-05 31
1745823976216 8.262928807620843e-05 32
1745823976798 8.135881792367686e-05 33
1745823977262 8.005405736415126e-05 34
1745823977748 7.871643313414718e-05 35
1745823978202 7.734740790612136e-05 36
1745823978654 7.594847868906076e-05 37
1745823979278 7.452117519152542e-05 38
1745823979834 7.30670581489344e-05 39
1745823980229 7.158771761692464e-05 40
