1745823715718 1.9662 1
1745823716143 3.1497 2
1745823716813 1.2371 3
1745823717289 1.6767 4
1745823717872 1.1766 5
1745823718455 1.0399 6
1745823718908 0.8957 7
1745823719315 0.8548 8
1745823719873 1.1405 9
1745823720496 1.0014 10
1745823797405 1.0599 11
1745823798059 1.1807 12
1745823798510 1.0857 13
1745823799177 0.8269 14
1745823799655 0.6498 15
1745823800206 1.1505 16
1745823800700 0.7001 17
1745823801173 1.324 18
1745823801587 0.7519 19
1745823801993 0.6517 20
1745823898424 1.0717 21
1745823898916 1.0541 22
1745823899335 0.872 23
1745823899783 1.176 24
1745823900182 1.3769 25
1745823900629 0.8015 26
1745823901215 0.7668 27
1745823901801 1.0655 28
1745823902252 0.9104 29
1745823902800 1.0877 30
1745823975642 1.101 31
1745823976216 0.5781 32
1745823976798 0.747 33
1745823977262 0.9187 34
1745823977748 1.1284 35
1745823978202 1.0017 36
1745823978654 1.1857 37
1745823979278 0.994 38
1745823979834 1.0214 39
1745823980229 1.0708 40
