1741166859353 -1.03501558303833 1
1741166863150 -0.9647409915924072 2
1741166866337 -1.1184988021850586 3
1741166869510 -1.1389336585998535 4
1741166872256 -0.8645159006118774 5
1741166876601 -1.0694799423217773 6
1741166878665 -0.6604810357093811 7
1741166881640 -1.185304045677185 8
1741166883986 -1.1097218990325928 9
1741166886886 -1.4934006929397583 10
1741166889315 -1.5367100238800049 11
1741166893792 -0.5752871036529541 12
1741166896232 -0.9877973794937134 13
1741166898666 -1.0241496562957764 14
1741166901678 -1.1811200380325317 15
1741166904329 -1.5591585636138916 16
1741166907243 -0.6116126775741577 17
1741166909659 -1.0006190538406372 18
1741166913024 -0.9053975939750671 19
1741166915618 -0.9778328537940979 20
1741166918297 -1.494570255279541 21
1741166921723 -1.4605975151062012 22
1741166923697 -0.6284166574478149 23
1741166926328 -0.44893720746040344 24
1741166929180 -0.9209117889404297 25
1741166931909 -0.5159720778465271 26
1741166934346 -1.3270900249481201 27
1741166937609 -0.9744546413421631 28
1741166940259 -0.7154784798622131 29
1741166943607 -1.015770435333252 30
1741166945981 -1.1087939739227295 31
1741166948147 -1.4115430116653442 32
1741166950536 -1.0344691276550293 33
1741166953514 -0.5268823504447937 34
1741166956578 -1.1593115329742432 35
1741166958648 -1.1369658708572388 36
1741166961847 -0.6041188836097717 37
1741166964232 -1.4684667587280273 38
1741166967400 -1.5010713338851929 39
1741166969715 -0.6928633451461792 40
1741166972618 -1.0688718557357788 41
1741166975773 -1.198021650314331 42
1741166978668 -1.1343281269073486 43
1741166982486 -1.4810314178466797 44
1741166984480 -0.222556471824646 45
1741166987451 -1.0359776020050049 46
1741166989990 -1.4599635601043701 47
1741166993556 -1.1149797439575195 48
1741166996478 -0.45571932196617126 49
1741166999710 -1.585218906402588 50
1741167051102 -1.1400755643844604 51
1741167055418 -1.363811731338501 52
1741167057277 -1.0550494194030762 53
1741167059480 -0.700305700302124 54
1741167062330 -1.5872465372085571 55
1741167064980 -0.7684117555618286 56
1741167068448 -1.5662574768066406 57
1741167070864 -1.155312180519104 58
1741167073704 -0.8570016622543335 59
1741167076010 -1.1785979270935059 60
1741167079305 -1.217897653579712 61
1741167082672 -1.4921233654022217 62
1741167086485 -1.1035816669464111 63
1741167089827 -0.6154183745384216 64
1741167093084 -1.614271879196167 65
1741167095643 -1.2248530387878418 66
1741167098732 -0.7650247812271118 67
1741167103374 -0.9534061551094055 68
1741167108341 -1.6779812574386597 69
1741167110701 -1.4591803550720215 70
1741167113472 -1.6135236024856567 71
1741167116238 -1.636123776435852 72
1741167118047 -0.8111261129379272 73
1741167121320 -0.7354505658149719 74
1741167124276 -1.3243128061294556 75
1741167127363 -0.8894009590148926 76
1741167130122 -1.5384184122085571 77
1741167132604 -1.2411292791366577 78
1741167135408 -1.3439247608184814 79
1741167137905 -1.1823334693908691 80
1741167141254 -1.2613520622253418 81
1741167143301 -1.6433985233306885 82
1741167145942 -0.7749315500259399 83
1741167148629 -1.542078971862793 84
1741167152824 -0.6089633703231812 85
1741167155215 -1.2918486595153809 86
1741167159371 -1.3606481552124023 87
1741167162568 -0.8276796340942383 88
1741167165336 -1.1185635328292847 89
1741167167998 -1.1925387382507324 90
1741167170956 -0.8635146021842957 91
1741167173891 -1.136878490447998 92
1741167177338 -1.6404480934143066 93
1741167179846 -1.3875097036361694 94
1741167181579 -1.1665010452270508 95
1741167184714 -0.7118003368377686 96
1741167187219 -1.5954169034957886 97
1741167190585 -1.256435751914978 98
1741167193333 -1.246429204940796 99
1741167197502 -1.3272597789764404 100
