1741166859353 -1.0476480722427368 1
1741166863150 -1.0657000541687012 2
1741166866337 -1.0646342039108276 3
1741166869510 -1.0608975887298584 4
1741166872256 -0.6063435077667236 5
1741166876601 -1.0427309274673462 6
1741166878665 -0.5818478465080261 7
1741166881640 -1.0839656591415405 8
1741166883986 -1.086440086364746 9
1741166886886 -1.5580681562423706 10
1741166889315 -1.5494768619537354 11
1741166893792 -0.6008292436599731 12
1741166896232 -1.0746089220046997 13
1741166898666 -1.0195610523223877 14
1741166901678 -1.103126049041748 15
1741166904329 -1.6142250299453735 16
1741166907243 -0.5037251114845276 17
1741166909659 -1.0689496994018555 18
1741166913024 -1.050636649131775 19
1741166915618 -1.1199228763580322 20
1741166918297 -1.6233128309249878 21
1741166921723 -1.593883752822876 22
1741166923697 -0.5230991840362549 23
1741166926328 -0.5487202405929565 24
1741166929180 -1.1029058694839478 25
1741166931909 -0.4823450446128845 26
1741166934346 -1.5732111930847168 27
1741166937609 -1.0967986583709717 28
1741166940259 -0.6507039070129395 29
1741166943607 -1.0493841171264648 30
1741166945981 -1.0956664085388184 31
1741166948147 -1.5954757928848267 32
1741166950536 -1.1374726295471191 33
1741166953514 -0.5617213845252991 34
1741166956578 -1.1157417297363281 35
1741166958648 -1.1045215129852295 36
1741166961847 -0.5764955282211304 37
1741166964232 -1.6552091836929321 38
1741166967400 -1.568471074104309 39
1741166969715 -0.6594399213790894 40
1741166972618 -1.1244157552719116 41
1741166975773 -1.1602067947387695 42
1741166978668 -1.1366060972213745 43
1741166982486 -1.5585968494415283 44
1741166984480 -0.13261348009109497 45
1741166987451 -1.1297637224197388 46
1741166989990 -1.6278572082519531 47
1741166993556 -1.1047234535217285 48
1741166996478 -0.18441346287727356 49
1741166999710 -1.6647391319274902 50
1741167051102 -1.1600162982940674 51
1741167055418 -1.2031673192977905 52
1741167057277 -1.1383814811706543 53
1741167059480 -0.6526917815208435 54
1741167062330 -1.6189723014831543 55
1741167064980 -0.6512535810470581 56
1741167068448 -1.5891830921173096 57
1741167070864 -1.227125644683838 58
1741167073704 -0.6659997701644897 59
1741167076010 -1.2013397216796875 60
1741167079305 -1.2148538827896118 61
1741167082672 -1.6235828399658203 62
1741167086485 -1.1416704654693604 63
1741167089827 -0.2072778344154358 64
1741167093084 -1.6997065544128418 65
1741167095643 -1.231637716293335 66
1741167098732 -0.6465508937835693 67
1741167103374 -0.7362263202667236 68
1741167108341 -1.670539140701294 69
1741167110701 -1.6644532680511475 70
1741167113472 -1.6824158430099487 71
1741167116238 -1.6984269618988037 72
1741167118047 -0.695130467414856 73
1741167121320 -0.6775239706039429 74
1741167124276 -1.192863941192627 75
1741167127363 -0.6705609560012817 76
1741167130122 -1.6841439008712769 77
1741167132604 -1.228213906288147 78
1741167135408 -1.1878628730773926 79
1741167137905 -1.187490463256836 80
1741167141254 -1.2416355609893799 81
1741167143301 -1.7015273571014404 82
1741167145942 -0.6664654612541199 83
1741167148629 -1.6434091329574585 84
1741167152824 -0.23644521832466125 85
1741167155215 -1.1915757656097412 86
1741167159371 -1.2527714967727661 87
1741167162568 -0.6868749856948853 88
1741167165336 -1.1863768100738525 89
1741167167998 -1.1678178310394287 90
1741167170956 -0.6884048581123352 91
1741167173891 -1.1686382293701172 92
1741167177338 -1.7020000219345093 93
1741167179846 -1.1814618110656738 94
1741167181579 -1.2331945896148682 95
1741167184714 -0.6289726495742798 96
1741167187219 -1.734433889389038 97
1741167190585 -1.2032716274261475 98
1741167193333 -1.1923675537109375 99
1741167197502 -1.1899609565734863 100
