1745683063440 0.04 1
1745683063652 0.08 2
1745683063843 0.12 3
1745683064046 0.16 4
1745683064247 0.2 5
1745683064455 0.24 6
1745683064668 0.28 7
1745683064902 0.32 8
1745683065089 0.36 9
1745683065273 0.4 10
1745683075430 0.4 10
1745683075638 0.44 11
1745683075809 0.48 12
1745683075980 0.52 13
1745683076182 0.56 14
1745683076383 0.6 15
1745683076636 0.64 16
1745683076842 0.68 17
1745683077017 0.72 18
1745683077216 0.76 19
1745683077397 0.8 20
1745683077697 0.8 20
1745683077886 0.84 21
1745683078056 0.88 22
1745683078243 0.92 23
1745683078443 0.96 24
1745683078714 1.0 25
1745683078959 1.04 26
1745683079163 1.08 27
1745683079363 1.12 28
1745683079549 1.16 29
1745683079719 1.2 30
