1745683063440 5.246981620788574 1
1745683063652 5.626755714416504 2
1745683063843 7.245514392852783 3
1745683064046 10.518423080444336 4
1745683064247 2.93666934967041 5
1745683064455 1.520477294921875 6
1745683064668 1.1950191259384155 7
1745683064902 0.9751309752464294 8
1745683065089 1.169663667678833 9
1745683065273 1.2387422323226929 10
1745683075638 1.1806145906448364 11
1745683075809 1.7841240167617798 12
1745683075980 1.7133334875106812 13
1745683076182 1.162828803062439 14
1745683076383 1.4365665912628174 15
1745683076636 1.4351063966751099 16
1745683076842 1.1732126474380493 17
1745683077017 1.2919538021087646 18
1745683077216 1.3913804292678833 19
1745683077397 1.8925926685333252 20
1745683077886 1.0753751993179321 21
1745683078056 1.1912484169006348 22
1745683078243 1.6249645948410034 23
1745683078443 1.3769959211349487 24
1745683078714 2.217782497406006 25
1745683078959 0.9344257712364197 26
1745683079163 0.6689669489860535 27
1745683079363 0.9720908403396606 28
1745683079549 2.0118250846862793 29
1745683079719 1.108779788017273 30
