1745683063440 0.0 1
1745683063652 3.3333333333333335e-05 2
1745683063843 6.666666666666667e-05 3
1745683064046 0.0001 4
1745683064247 9.988834393115767e-05 5
1745683064455 9.9553874407739e-05 6
1745683064668 9.899808525182935e-05 7
1745683064902 9.822345875271883e-05 8
1745683065089 9.723345458039594e-05 9
1745683065273 9.603249433382144e-05 10
1745683075638 9.462594179299406e-05 11
1745683075809 9.302007896300698e-05 12
1745683075980 9.122207801708802e-05 13
1745683076182 8.923996926393305e-05 14
1745683076383 8.708260528239788e-05 15
1745683076636 8.475962138373213e-05 16
1745683076842 8.228139257794012e-05 17
1745683077017 7.965898723646776e-05 18
1745683077216 7.690411765816864e-05 19
1745683077397 7.402908775933419e-05 20
1745683077886 7.104673812141675e-05 21
1745683078056 6.797038864187564e-05 22
1745683078243 6.481377904428171e-05 23
1745683078443 6.159100751337642e-05 24
1745683078714 5.831646772915651e-05 25
1745683078959 5.5004784581204927e-05 26
1745683079163 5.167074885038373e-05 27
1745683079363 4.832925114961629e-05 28
1745683079549 4.4995215418795085e-05 29
1745683079719 4.1683532270843504e-05 30
