1745683063440 1.2903 1
1745683063652 1.5389 2
1745683063843 1.1863 3
1745683064046 0.8491 4
1745683064247 1.032 5
1745683064455 1.0071 6
1745683064668 0.9577 7
1745683064902 0.8755 8
1745683065089 0.9792 9
1745683065273 0.624 10
1745683075638 1.0462 11
1745683075809 1.073 12
1745683075980 1.0412 13
1745683076182 0.8418 14
1745683076383 0.9965 15
1745683076636 0.7435 16
1745683076842 0.7892 17
1745683077017 1.0232 18
1745683077216 1.1189 19
1745683077397 0.9193 20
1745683077886 0.9776 21
1745683078056 0.8289 22
1745683078243 0.9685 23
1745683078443 0.8986 24
1745683078714 0.9029 25
1745683078959 0.3772 26
1745683079163 0.467 27
1745683079363 0.4061 28
1745683079549 0.4352 29
1745683079719 0.2555 30
