1745681991531 0.01 1
1745681991724 0.02 2
1745681991945 0.03 3
1745681992211 0.04 4
1745681992460 0.05 5
1745681992709 0.06 6
1745681992927 0.07 7
1745681993100 0.08 8
1745681993272 0.09 9
1745681993468 0.1 10
1745681998143 0.1 10
1745681998343 0.11 11
1745681998517 0.12 12
1745681998723 0.13 13
1745681998897 0.14 14
1745681999091 0.15 15
1745681999264 0.16 16
1745681999453 0.17 17
1745681999626 0.18 18
1745681999832 0.19 19
1745682000006 0.2 20
1745682007617 0.2 20
1745682007832 0.21 21
1745682008025 0.22 22
1745682008237 0.23 23
1745682008412 0.24 24
1745682008586 0.25 25
1745682008790 0.26 26
1745682009007 0.27 27
1745682009185 0.28 28
1745682009359 0.29 29
1745682009543 0.3 30
1745682010084 0.3 30
1745682010329 0.31 31
1745682010506 0.32 32
1745682010683 0.33 33
1745682010858 0.34 34
1745682011051 0.35 35
1745682011228 0.36 36
1745682011402 0.37 37
1745682011593 0.38 38
1745682011767 0.39 39
1745682012012 0.4 40
