1745681991531 4.516390323638916 1
1745681991724 6.965972900390625 2
1745681991945 5.404958724975586 3
1745681992211 9.997450828552246 4
1745681992460 3.5192267894744873 5
1745681992709 1.681423306465149 6
1745681992927 3.399488925933838 7
1745681993100 3.7508983612060547 8
1745681993272 14.469401359558105 9
1745681993468 1.6617164611816406 10
1745681998343 1.4681525230407715 11
1745681998517 3.364729642868042 12
1745681998723 1.7841689586639404 13
1745681998897 6.709975719451904 14
1745681999091 1.7720415592193604 15
1745681999264 9.157402038574219 16
1745681999453 2.8705949783325195 17
1745681999626 2.1086525917053223 18
1745681999832 1.9881566762924194 19
1745682000006 7.796261787414551 20
1745682007832 1.4035853147506714 21
1745682008025 2.2357139587402344 22
1745682008237 3.2797963619232178 23
1745682008412 5.08633279800415 24
1745682008586 3.2906811237335205 25
1745682008790 2.0968916416168213 26
1745682009007 1.1416727304458618 27
1745682009185 2.599674940109253 28
1745682009359 2.268720865249634 29
1745682009543 1.5653691291809082 30
1745682010329 1.406582236289978 31
1745682010506 2.107513427734375 32
1745682010683 2.1047050952911377 33
1745682010858 2.5955328941345215 34
1745682011051 2.411986827850342 35
1745682011228 2.0335521697998047 36
1745682011402 3.8885796070098877 37
1745682011593 6.802175998687744 38
1745682011767 2.450667142868042 39
1745682012012 7.346080303192139 40
