1745681991531 0.0 1
1745681991724 1e-05 2
1745681991945 2e-05 3
1745681992211 3e-05 4
1745681992460 4e-05 5
1745681992709 5e-05 6
1745681992927 6e-05 7
1745681993100 7e-05 8
1745681993272 8e-05 9
1745681993468 9e-05 10
1745681998343 0.0001 11
1745681998517 9.999316524962345e-05 12
1745681998723 9.997266286704631e-05 13
1745681998897 9.993849845741524e-05 14
1745681999091 9.989068136093873e-05 15
1745681999264 9.98292246503335e-05 16
1745681999453 9.975414512725057e-05 17
1745681999626 9.966546331768191e-05 18
1745681999832 9.956320346634876e-05 19
1745682000006 9.944739353007344e-05 20
1745682007832 9.931806517013612e-05 21
1745682008025 9.917525374361912e-05 22
1745682008237 9.901899829374047e-05 23
1745682008412 9.884934153917997e-05 24
1745682008586 9.86663298624003e-05 25
1745682008790 9.847001329696653e-05 26
1745682009007 9.826044551386744e-05 27
1745682009185 9.803768380684242e-05 28
1745682009359 9.780178907671789e-05 29
1745682009543 9.755282581475769e-05 30
1745682010329 9.729086208503174e-05 31
1745682010506 9.701596950580806e-05 32
1745682010683 9.672822322997305e-05 33
1745682010858 9.642770192448536e-05 34
1745682011051 9.611448774886924e-05 35
1745682011228 9.578866633275288e-05 36
1745682011402 9.545032675245813e-05 37
1745682011593 9.509956150664796e-05 38
1745682011767 9.473646649103818e-05 39
1745682012012 9.43611409721806e-05 40
