1745681991531 1.0389 1
1745681991724 1.3405 2
1745681991945 0.9046 3
1745681992211 1.4697 4
1745681992460 0.9054 5
1745681992709 1.0145 6
1745681992927 1.3819 7
1745681993100 1.2421 8
1745681993272 0.8138 9
1745681993468 1.2302 10
1745681998343 0.7786 11
1745681998517 0.9769 12
1745681998723 0.9243 13
1745681998897 0.64 14
1745681999091 0.7468 15
1745681999264 0.5056 16
1745681999453 1.1231 17
1745681999626 1.0384 18
1745681999832 0.9407 19
1745682000006 0.8834 20
1745682007832 0.844 21
1745682008025 1.0048 22
1745682008237 1.1135 23
1745682008412 1.1104 24
1745682008586 1.5587 25
1745682008790 0.8196 26
1745682009007 0.6258 27
1745682009185 0.9603 28
1745682009359 0.7125 29
1745682009543 0.4202 30
1745682010329 0.921 31
1745682010506 1.4787 32
1745682010683 0.3911 33
1745682010858 0.9822 34
1745682011051 1.1684 35
1745682011228 1.4746 36
1745682011402 0.8313 37
1745682011593 0.8365 38
1745682011767 0.3069 39
1745682012012 0.7964 40
