1741166510134 0.0 1
1741166514512 0.0 2
1741166516931 0.0 3
1741166519691 0.0 4
1741166522353 0.0 5
1741166525913 0.0 6
1741166528644 0.0 7
1741166531080 0.0 8
1741166533124 0.0 9
1741166535518 0.0 10
1741166538391 0.0 11
1741166540685 0.0 12
1741166544116 0.0 13
1741166548484 0.0 14
1741166550453 0.0 15
1741166553063 0.0 16
1741166555786 0.0 17
1741166558029 0.0 18
1741166560839 0.0 19
1741166562845 0.0 20
1741166565840 0.0 21
1741166569126 0.0 22
1741166570985 0.25 23
1741166573210 0.0 24
1741166576246 0.0 25
1741166579721 0.25 26
1741166582966 0.0 27
1741166585946 0.25 28
1741166589572 0.0 29
1741166592500 0.25 30
1741166595772 0.25 31
1741166598548 0.0 32
1741166601316 0.25 33
1741166603162 0.0 34
1741166606994 0.25 35
1741166608927 0.25 36
1741166612250 0.25 37
1741166614730 0.5 38
1741166618268 0.0 39
1741166621780 0.0 40
1741166625196 0.5 41
1741166629473 0.0 42
1741166632351 0.25 43
1741166635146 0.25 44
1741166638166 0.25 45
1741166640563 0.0 46
1741166643389 0.5 47
1741166646093 0.25 48
1741166647963 0.5 49
1741166650365 0.0 50
1741166652602 0.25 51
1741166655540 0.0 52
1741166659415 0.5 53
1741166662064 0.75 54
1741166665460 0.25 55
1741166669482 0.5 56
1741166672422 0.25 57
1741166675371 0.5 58
1741166679045 1.0 59
1741166681019 0.25 60
1741166683902 0.5 61
1741166687142 0.75 62
1741166689241 1.0 63
1741166691593 0.5 64
1741166694175 0.75 65
1741166696311 1.0 66
1741166698296 0.75 67
1741166701002 1.0 68
1741166704383 0.5 69
1741166706066 1.0 70
1741166709679 0.75 71
1741166712148 0.75 72
1741166714680 1.0 73
1741166717541 1.0 74
1741166720339 1.0 75
1741166723483 0.75 76
1741166726496 1.0 77
1741166730286 0.75 78
1741166733137 1.0 79
1741166735789 1.0 80
1741166739099 1.0 81
1741166741416 1.0 82
