1741166510134 -0.2554599940776825 1
1741166514512 -0.28514495491981506 2
1741166516931 -0.1905352622270584 3
1741166519691 -0.2309964895248413 4
1741166522353 -0.22710616886615753 5
1741166525913 -0.2523960769176483 6
1741166528644 -0.2549380958080292 7
1741166531080 -0.2504075765609741 8
1741166533124 -0.18067745864391327 9
1741166535518 -0.2336053103208542 10
1741166538391 -0.20557504892349243 11
1741166540685 -0.2530043125152588 12
1741166544116 -0.21228551864624023 13
1741166548484 -0.2278241366147995 14
1741166550453 -0.24369484186172485 15
1741166553063 -0.18595148622989655 16
1741166555786 -0.2084975242614746 17
1741166558029 -0.2545843720436096 18
1741166560839 -0.23727215826511383 19
1741166562845 -0.17913250625133514 20
1741166565840 -0.16641762852668762 21
1741166569126 -0.16414272785186768 22
1741166570985 -0.21504268050193787 23
1741166573210 -0.22495758533477783 24
1741166576246 -0.14639610052108765 25
1741166579721 -0.20205001533031464 26
1741166582966 -0.16837388277053833 27
1741166585946 -0.16002073884010315 28
1741166589572 -0.1565226912498474 29
1741166592500 -0.1441625952720642 30
1741166595772 -0.1453857272863388 31
1741166598548 -0.13247056305408478 32
1741166601316 -0.14289039373397827 33
1741166603162 -0.15025879442691803 34
1741166606994 -0.12224458158016205 35
1741166608927 -0.11962642520666122 36
1741166612250 -0.15028859674930573 37
1741166614730 -0.10428330302238464 38
1741166618268 -0.11361610889434814 39
1741166621780 -0.12437541037797928 40
1741166625196 -0.10931075364351273 41
1741166629473 -0.12440764158964157 42
1741166632351 -0.09483546763658524 43
1741166635146 -0.08573587238788605 44
1741166638166 -0.12351745367050171 45
1741166640563 -0.09345647692680359 46
1741166643389 -0.07075880467891693 47
1741166646093 -0.07510916888713837 48
1741166647963 -0.11146721243858337 49
1741166650365 -0.09008549153804779 50
1741166652602 -0.08678251504898071 51
1741166655540 -0.09472054988145828 52
1741166659415 -0.06680482625961304 53
1741166662064 -0.04466821253299713 54
1741166665460 -0.07557898759841919 55
1741166669482 -0.08241860568523407 56
1741166672422 -0.06330514699220657 57
1741166675371 -0.07274899631738663 58
1741166679045 -0.015935638919472694 59
1741166681019 -0.0869029238820076 60
1741166683902 -0.06043725460767746 61
1741166687142 -0.045833274722099304 62
1741166689241 -0.026116278022527695 63
1741166691593 -0.05415526032447815 64
1741166694175 -0.05268895626068115 65
1741166696311 -0.04057815670967102 66
1741166698296 -0.0478784516453743 67
1741166701002 -0.026679731905460358 68
1741166704383 -0.052299223840236664 69
1741166706066 -0.00845186784863472 70
1741166709679 -0.03394933044910431 71
1741166712148 -0.046712011098861694 72
1741166714680 -0.021421285346150398 73
1741166717541 -0.004750203341245651 74
1741166720339 -0.010366950184106827 75
1741166723483 -0.03396028280258179 76
1741166726496 -0.0055982498452067375 77
1741166730286 -0.023293498903512955 78
1741166733137 -0.0036333436146378517 79
1741166735789 -0.016423599794507027 80
1741166739099 -0.006067358888685703 81
1741166741416 -0.012213155627250671 82
