1741166510134 -0.1891675442457199 1
1741166514512 -0.13031364977359772 2
1741166516931 -0.11275150626897812 3
1741166519691 -0.1158045083284378 4
1741166522353 -0.16812917590141296 5
1741166525913 -0.11059746146202087 6
1741166528644 -0.16313502192497253 7
1741166531080 -0.13858237862586975 8
1741166533124 -0.12336018681526184 9
1741166535518 -0.17141327261924744 10
1741166538391 -0.11829185485839844 11
1741166540685 -0.1563730686903 12
1741166544116 -0.1533476561307907 13
1741166548484 -0.1005975604057312 14
1741166550453 -0.14366760849952698 15
1741166553063 -0.10034005343914032 16
1741166555786 -0.10469286143779755 17
1741166558029 -0.15580326318740845 18
1741166560839 -0.14514705538749695 19
1741166562845 -0.1056521087884903 20
1741166565840 -0.11015929281711578 21
1741166569126 -0.0646473839879036 22
1741166570985 -0.07780832797288895 23
1741166573210 -0.13113264739513397 24
1741166576246 -0.10112373530864716 25
1741166579721 -0.06932012736797333 26
1741166582966 -0.08482009917497635 27
1741166585946 -0.08240823447704315 28
1741166589572 -0.08571247011423111 29
1741166592500 -0.04738070070743561 30
1741166595772 -0.04764939099550247 31
1741166598548 -0.08373536169528961 32
1741166601316 -0.05126618593931198 33
1741166603162 -0.07548795640468597 34
1741166606994 -0.048467718064785004 35
1741166608927 -0.041309162974357605 36
1741166612250 -0.03051222860813141 37
1741166614730 -0.02399464137852192 38
1741166618268 -0.06147398054599762 39
1741166621780 -0.0801454484462738 40
1741166625196 -0.006195039488375187 41
1741166629473 -0.06237205117940903 42
1741166632351 -0.006275875493884087 43
1741166635146 -0.022783750668168068 44
1741166638166 -0.043107278645038605 45
1741166640563 -0.051395732909440994 46
1741166643389 0.021929703652858734 47
1741166646093 0.01705963909626007 48
1741166647963 -0.012819956056773663 49
1741166650365 -0.0353468582034111 50
1741166652602 -0.0235674399882555 51
1741166655540 -0.03995373100042343 52
1741166659415 0.0350286141037941 53
1741166662064 0.08167612552642822 54
1741166665460 -0.016451522707939148 55
1741166669482 0.0037643928080797195 56
1741166672422 -0.00681074894964695 57
1741166675371 0.01064508967101574 58
1741166679045 0.13904258608818054 59
1741166681019 -0.013761262409389019 60
1741166683902 0.052404146641492844 61
1741166687142 0.060273073613643646 62
1741166689241 0.0643448606133461 63
1741166691593 0.06844878196716309 64
1741166694175 0.018717097118496895 65
1741166696311 0.11199569702148438 66
1741166698296 0.021227862685918808 67
1741166701002 0.0947306677699089 68
1741166704383 0.026934128254652023 69
1741166706066 0.1540500670671463 70
1741166709679 0.0774102658033371 71
1741166712148 0.07051435112953186 72
1741166714680 0.14411593973636627 73
1741166717541 0.11008597910404205 74
1741166720339 0.114255890250206 75
1741166723483 0.11402861773967743 76
1741166726496 0.121564581990242 77
1741166730286 0.09382544457912445 78
1741166733137 0.12713372707366943 79
1741166735789 0.11356174945831299 80
1741166739099 0.18483486771583557 81
1741166741416 0.11696458607912064 82
