1741166510134 -0.06629243493080139 1
1741166514512 -0.15483130514621735 2
1741166516931 -0.07778375595808029 3
1741166519691 -0.1151919811964035 4
1741166522353 -0.05897698551416397 5
1741166525913 -0.14179860055446625 6
1741166528644 -0.09180308878421783 7
1741166531080 -0.11182518303394318 8
1741166533124 -0.05731727555394173 9
1741166535518 -0.06219204515218735 10
1741166538391 -0.087283194065094 11
1741166540685 -0.0966312512755394 12
1741166544116 -0.05893787741661072 13
1741166548484 -0.1272265762090683 14
1741166550453 -0.10002721101045609 15
1741166553063 -0.08561144024133682 16
1741166555786 -0.10380466282367706 17
1741166558029 -0.09878112375736237 18
1741166560839 -0.09212509542703629 19
1741166562845 -0.07348039746284485 20
1741166565840 -0.05625833570957184 21
1741166569126 -0.09949533641338348 22
1741166570985 -0.13723434507846832 23
1741166573210 -0.09382492303848267 24
1741166576246 -0.045272357761859894 25
1741166579721 -0.1327298879623413 26
1741166582966 -0.08355377614498138 27
1741166585946 -0.07761250436306 28
1741166589572 -0.0708102360367775 29
1741166592500 -0.0967819020152092 30
1741166595772 -0.09773634374141693 31
1741166598548 -0.048735201358795166 32
1741166601316 -0.09162420779466629 33
1741166603162 -0.07477083802223206 34
1741166606994 -0.07377687096595764 35
1741166608927 -0.07831726223230362 36
1741166612250 -0.11977636814117432 37
1741166614730 -0.08028867095708847 38
1741166618268 -0.05214212089776993 39
1741166621780 -0.044229958206415176 40
1741166625196 -0.10311572253704071 41
1741166629473 -0.062035590410232544 42
1741166632351 -0.088559590280056 43
1741166635146 -0.06295211613178253 44
1741166638166 -0.0804101750254631 45
1741166640563 -0.04206074774265289 46
1741166643389 -0.09268850088119507 47
1741166646093 -0.09216880798339844 48
1741166647963 -0.09864725172519684 49
1741166650365 -0.05473863333463669 50
1741166652602 -0.06321507692337036 51
1741166655540 -0.05476682260632515 52
1741166659415 -0.10183344036340714 53
1741166662064 -0.12634433805942535 54
1741166665460 -0.05912746489048004 55
1741166669482 -0.08618299663066864 56
1741166672422 -0.056494396179914474 57
1741166675371 -0.08339409530162811 58
1741166679045 -0.1549782156944275 59
1741166681019 -0.0731416642665863 60
1741166683902 -0.11284139752388 61
1741166687142 -0.10610635578632355 62
1741166689241 -0.0904611349105835 63
1741166691593 -0.12260404229164124 64
1741166694175 -0.0714060515165329 65
1741166696311 -0.1525738537311554 66
1741166698296 -0.0691063180565834 67
1741166701002 -0.12141039967536926 68
1741166704383 -0.07923334836959839 69
1741166706066 -0.16250194609165192 70
1741166709679 -0.1113595962524414 71
1741166712148 -0.11722636967897415 72
1741166714680 -0.16553722321987152 73
1741166717541 -0.1148361787199974 74
1741166720339 -0.12462283670902252 75
1741166723483 -0.1479889154434204 76
1741166726496 -0.1271628439426422 77
1741166730286 -0.1171189397573471 78
1741166733137 -0.1307670772075653 79
1741166735789 -0.12998534739017487 80
1741166739099 -0.1909022331237793 81
1741166741416 -0.1291777491569519 82
