1745668310349 0.07692307692307693 1
1745668310904 0.15384615384615385 2
1745668311556 0.23076923076923078 3
1745668312118 0.3076923076923077 4
1745668312732 0.38461538461538464 5
1745668313464 0.46153846153846156 6
1745668314129 0.5384615384615384 7
1745668314752 0.6153846153846154 8
1745668315328 0.6923076923076923 9
1745668315805 0.7692307692307693 10
1745668316374 0.8461538461538461 11
1745668316995 0.9230769230769231 12
1745668317917 1.0 13
1745668324239 1.0769230769230769 14
1745668324808 1.1538461538461537 15
1745668325541 1.2307692307692308 16
1745668326094 1.3076923076923077 17
1745668326575 1.3846153846153846 18
1745668327194 1.4615384615384617 19
1745668327773 1.5384615384615383 20
1745668374815 1.5384615384615383 20
1745668375451 1.6153846153846154 21
1745668375896 1.6923076923076923 22
1745668376556 1.7692307692307692 23
1745668377177 1.8461538461538463 24
1745668377750 1.9230769230769231 25
1745668378778 2.0 26
1745668430112 2.0 26
