1745668310349 14.663908958435059 1
1745668310904 16.64707374572754 2
1745668311556 3.0148203372955322 3
1745668312118 2.056093215942383 4
1745668312732 3.1569406986236572 5
1745668313464 2.56205415725708 6
1745668314129 3.7289512157440186 7
1745668314752 2.344067096710205 8
1745668315328 1.7472357749938965 9
1745668315805 2.6570887565612793 10
1745668316374 1.3742483854293823 11
1745668316995 1.4176299571990967 12
1745668317917 1.3476094007492065 13
1745668324239 1.2820136547088623 14
1745668324808 0.943713366985321 15
1745668325541 1.0613036155700684 16
1745668326094 1.2877875566482544 17
1745668326575 1.5510252714157104 18
1745668327194 1.133379578590393 19
1745668327773 1.2642855644226074 20
1745668375451 1.3557753562927246 21
1745668375896 1.7734360694885254 22
1745668376556 1.940127968788147 23
1745668377177 3.5851848125457764 24
1745668377750 1.8117923736572266 25
1745668378778 1.1446322202682495 26
