1745668310349 0.0 1
1745668310904 5e-05 2
1745668311556 0.0001 3
1745668312118 9.957224306869053e-05 4
1745668312732 9.829629131445342e-05 5
1745668313464 9.619397662556435e-05 6
1745668314129 9.330127018922194e-05 7
1745668314752 8.966766701456177e-05 8
1745668315328 8.535533905932738e-05 9
1745668315805 8.043807145043604e-05 10
1745668316374 7.500000000000001e-05 11
1745668316995 6.91341716182545e-05 12
1745668317917 6.294095225512603e-05 13
1745668324239 5.6526309611002594e-05 14
1745668324808 5e-05 15
1745668325541 4.347369038899744e-05 16
1745668326094 3.705904774487396e-05 17
1745668326575 3.086582838174551e-05 18
1745668327194 2.500000000000001e-05 19
1745668327773 1.9561928549563968e-05 20
1745668375451 1.4644660940672627e-05 21
1745668375896 1.0332332985438248e-05 22
1745668376556 6.698729810778065e-06 23
1745668377177 3.8060233744356633e-06 24
1745668377750 1.70370868554659e-06 25
1745668378778 4.277569313094809e-07 26
