1745668310349 2.213 1
1745668310904 2.2219 2
1745668311556 1.1646 3
1745668312118 1.0438 4
1745668312732 0.9206 5
1745668313464 0.9073 6
1745668314129 1.4906 7
1745668314752 1.1648 8
1745668315328 0.7573 9
1745668315805 0.8548 10
1745668316374 1.008 11
1745668316995 0.9515 12
1745668317917 0.5681 13
1745668324239 0.521 14
1745668324808 0.5535 15
1745668325541 0.318 16
1745668326094 0.4655 17
1745668326575 0.5972 18
1745668327194 0.394 19
1745668327773 0.4449 20
1745668375451 0.5921 21
1745668375896 0.4471 22
1745668376556 0.4589 23
1745668377177 0.5751 24
1745668377750 0.338 25
1745668378778 0.1669 26
