1745674180848 0.07692307692307693 1
1745674181404 0.15384615384615385 2
1745674182078 0.23076923076923078 3
1745674182654 0.3076923076923077 4
1745674183250 0.38461538461538464 5
1745674183979 0.46153846153846156 6
1745674184641 0.5384615384615384 7
1745674185263 0.6153846153846154 8
1745674185844 0.6923076923076923 9
1745674186319 0.7692307692307693 10
1745674261991 0.7692307692307693 10
1745674262615 0.8461538461538461 11
1745674263245 0.9230769230769231 12
1745674264263 1.0 13
1745674270481 1.0769230769230769 14
1745674271054 1.1538461538461537 15
1745674271798 1.2307692307692308 16
1745674272382 1.3076923076923077 17
1745674272897 1.3846153846153846 18
1745674273517 1.4615384615384617 19
1745674274094 1.5384615384615383 20
