1745674180848 14.663134574890137 1
1745674181404 16.646535873413086 2
1745674182078 3.018209934234619 3
1745674182654 2.055354118347168 4
1745674183250 3.140876054763794 5
1745674183979 2.5802419185638428 6
1745674184641 3.7222392559051514 7
1745674185263 2.3520727157592773 8
1745674185844 1.7618391513824463 9
1745674186319 2.675772190093994 10
1745674262615 1.3774694204330444 11
1745674263245 1.408347725868225 12
1745674264263 1.3427282571792603 13
1745674270481 1.286434531211853 14
1745674271054 0.9427292346954346 15
1745674271798 1.0573421716690063 16
1745674272382 1.2614372968673706 17
1745674272897 1.5692721605300903 18
1745674273517 1.1359639167785645 19
1745674274094 1.2644731998443604 20
