1745674180848 0.0 1
1745674181404 5e-05 2
1745674182078 0.0001 3
1745674182654 9.957224306869053e-05 4
1745674183250 9.829629131445342e-05 5
1745674183979 9.619397662556435e-05 6
1745674184641 9.330127018922194e-05 7
1745674185263 8.966766701456177e-05 8
1745674185844 8.535533905932738e-05 9
1745674186319 8.043807145043604e-05 10
1745674262615 7.500000000000001e-05 11
1745674263245 6.91341716182545e-05 12
1745674264263 6.294095225512603e-05 13
1745674270481 5.6526309611002594e-05 14
1745674271054 5e-05 15
1745674271798 4.347369038899744e-05 16
1745674272382 3.705904774487396e-05 17
1745674272897 3.086582838174551e-05 18
1745674273517 2.500000000000001e-05 19
1745674274094 1.9561928549563968e-05 20
