1745671730279 0.07692307692307693 1
1745671730829 0.15384615384615385 2
1745671731479 0.23076923076923078 3
1745671732056 0.3076923076923077 4
1745671732659 0.38461538461538464 5
1745671733383 0.46153846153846156 6
1745671734044 0.5384615384615384 7
1745671734664 0.6153846153846154 8
1745671735245 0.6923076923076923 9
1745671735739 0.7692307692307693 10
1745671811350 0.7692307692307693 10
1745671811928 0.8461538461538461 11
1745671812558 0.9230769230769231 12
1745671813610 1.0 13
1745671819592 1.0769230769230769 14
1745671820161 1.1538461538461537 15
1745671820893 1.2307692307692308 16
1745671821441 1.3076923076923077 17
1745671821940 1.3846153846153846 18
1745671822580 1.4615384615384617 19
1745671823168 1.5384615384615383 20
1745671867179 1.5384615384615383 20
1745671867794 1.6153846153846154 21
1745671868254 1.6923076923076923 22
1745671868921 1.7692307692307692 23
1745671869543 1.8461538461538463 24
1745671870114 1.9230769230769231 25
1745671871254 2.0 26
