1745671730279 14.6633882522583 1
1745671730829 16.644351959228516 2
1745671731479 3.007227659225464 3
1745671732056 2.054157018661499 4
1745671732659 3.1379294395446777 5
1745671733383 2.587721586227417 6
1745671734044 3.717102289199829 7
1745671734664 2.351775884628296 8
1745671735245 1.747342586517334 9
1745671735739 2.6606576442718506 10
1745671811928 1.3785747289657593 11
1745671812558 1.4090012311935425 12
1745671813610 1.350551724433899 13
1745671819592 1.2840657234191895 14
1745671820161 0.9427209496498108 15
1745671820893 1.0583282709121704 16
1745671821441 1.2291085720062256 17
1745671821940 1.5417850017547607 18
1745671822580 1.1316931247711182 19
1745671823168 1.2675641775131226 20
1745671867794 1.3622138500213623 21
1745671868254 1.7781486511230469 22
1745671868921 1.9304124116897583 23
1745671869543 3.6023001670837402 24
1745671870114 1.7426565885543823 25
1745671871254 1.148716688156128 26
