1745671730279 0.0 1
1745671730829 5e-05 2
1745671731479 0.0001 3
1745671732056 9.957224306869053e-05 4
1745671732659 9.829629131445342e-05 5
1745671733383 9.619397662556435e-05 6
1745671734044 9.330127018922194e-05 7
1745671734664 8.966766701456177e-05 8
1745671735245 8.535533905932738e-05 9
1745671735739 8.043807145043604e-05 10
1745671811928 7.500000000000001e-05 11
1745671812558 6.91341716182545e-05 12
1745671813610 6.294095225512603e-05 13
1745671819592 5.6526309611002594e-05 14
1745671820161 5e-05 15
1745671820893 4.347369038899744e-05 16
1745671821441 3.705904774487396e-05 17
1745671821940 3.086582838174551e-05 18
1745671822580 2.500000000000001e-05 19
1745671823168 1.9561928549563968e-05 20
1745671867794 1.4644660940672627e-05 21
1745671868254 1.0332332985438248e-05 22
1745671868921 6.698729810778065e-06 23
1745671869543 3.8060233744356633e-06 24
1745671870114 1.70370868554659e-06 25
1745671871254 4.277569313094809e-07 26
