1745671730279 2.213 1
1745671730829 2.2219 2
1745671731479 1.1662 3
1745671732056 1.0455 4
1745671732659 0.9205 5
1745671733383 0.9088 6
1745671734044 1.4907 7
1745671734664 1.164 8
1745671735245 0.7568 9
1745671735739 0.8534 10
1745671811928 1.0088 11
1745671812558 0.9505 12
1745671813610 0.568 13
1745671819592 0.5209 14
1745671820161 0.5527 15
1745671820893 0.3175 16
1745671821441 0.4658 17
1745671821940 0.5966 18
1745671822580 0.3945 19
1745671823168 0.4463 20
1745671867794 0.5932 21
1745671868254 0.4464 22
1745671868921 0.4571 23
1745671869543 0.5789 24
1745671870114 0.3427 25
1745671871254 0.1696 26
