1745683144665 5.246981620788574 1
1745683144882 5.626755714416504 2
1745683145111 7.245514392852783 3
1745683145316 10.518423080444336 4
1745683145516 2.93666934967041 5
1745683145726 1.520477294921875 6
1745683145937 1.1950191259384155 7
1745683146170 0.9751309752464294 8
1745683146356 1.169663667678833 9
1745683146540 1.2387422323226929 10
1745683156768 1.1806145906448364 11
1745683156979 1.7841240167617798 12
1745683157156 1.7133334875106812 13
1745683157357 1.162828803062439 14
1745683157556 1.4365665912628174 15
1745683157806 1.4351063966751099 16
1745683158016 1.1732126474380493 17
1745683158187 1.2919538021087646 18
