1745683144665 0.0 1
1745683144882 3.3333333333333335e-05 2
1745683145111 6.666666666666667e-05 3
1745683145316 0.0001 4
1745683145516 9.988834393115767e-05 5
1745683145726 9.9553874407739e-05 6
1745683145937 9.899808525182935e-05 7
1745683146170 9.822345875271883e-05 8
1745683146356 9.723345458039594e-05 9
1745683146540 9.603249433382144e-05 10
1745683156768 9.462594179299406e-05 11
1745683156979 9.302007896300698e-05 12
1745683157156 9.122207801708802e-05 13
1745683157357 8.923996926393305e-05 14
1745683157556 8.708260528239788e-05 15
1745683157806 8.475962138373213e-05 16
1745683158016 8.228139257794012e-05 17
1745683158187 7.965898723646776e-05 18
