1745769813484 14.772514343261719 1
1745769814015 30.412736892700195 2
1745769814696 4.362758636474609 3
1745769815177 4.989701271057129 4
1745769815766 5.8607916831970215 5
1745769816354 2.6383121013641357 6
1745769816812 3.0052599906921387 7
1745769817224 4.99378776550293 8
1745769817791 2.2039685249328613 9
1745769818419 4.584648132324219 10
1745769907855 1.976919412612915 11
1745769908518 3.496196985244751 12
1745769908974 2.675438642501831 13
1745769909648 1.9730323553085327 14
1745769910133 2.1091816425323486 15
1745769910690 1.4827601909637451 16
1745769911190 2.1622109413146973 17
1745769911664 2.0009796619415283 18
1745769912085 2.411520481109619 19
1745769912496 2.886106491088867 20
