1745769813484 0.0 1
1745769814015 2e-05 2
1745769814696 4e-05 3
1745769815177 6e-05 4
1745769815766 8e-05 5
1745769816354 0.0001 6
1745769816812 9.997266286704631e-05 7
1745769817224 9.989068136093873e-05 8
1745769817791 9.975414512725057e-05 9
1745769818419 9.956320346634876e-05 10
1745769907855 9.931806517013612e-05 11
1745769908518 9.901899829374047e-05 12
1745769908974 9.86663298624003e-05 13
1745769909648 9.826044551386744e-05 14
1745769910133 9.780178907671789e-05 15
1745769910690 9.729086208503174e-05 16
1745769911190 9.672822322997305e-05 17
1745769911664 9.611448774886924e-05 18
1745769912085 9.545032675245813e-05 19
1745769912496 9.473646649103818e-05 20
