1741166859353 0.0 1
1741166863150 0.0 2
1741166866337 0.0 3
1741166869510 0.0 4
1741166872256 0.0 5
1741166876601 0.0 6
1741166878665 0.0 7
1741166881640 0.0 8
1741166883986 0.0 9
1741166886886 0.0 10
1741166889315 0.0 11
1741166893792 0.0 12
1741166896232 0.0 13
1741166898666 0.25 14
1741166901678 0.0 15
1741166904329 0.0 16
1741166907243 0.25 17
1741166909659 0.0 18
1741166913024 0.0 19
1741166915618 0.0 20
1741166918297 0.0 21
1741166921723 0.5 22
1741166923697 0.25 23
1741166926328 0.0 24
1741166929180 0.0 25
1741166931909 0.25 26
1741166934346 0.25 27
1741166937609 0.25 28
1741166940259 0.0 29
1741166943607 0.25 30
1741166945981 0.25 31
1741166948147 0.0 32
1741166950536 0.5 33
1741166953514 0.0 34
1741166956578 0.25 35
1741166958648 0.25 36
1741166961847 0.5 37
1741166964232 0.5 38
1741166967400 0.0 39
1741166969715 0.0 40
1741166972618 0.75 41
1741166975773 0.0 42
1741166978668 0.25 43
1741166982486 0.25 44
1741166984480 0.25 45
1741166987451 0.0 46
1741166989990 0.5 47
1741166993556 0.5 48
1741166996478 0.5 49
1741166999710 0.25 50
1741167051102 0.25 51
1741167055418 0.25 52
1741167057277 0.5 53
1741167059480 0.75 54
1741167062330 0.25 55
1741167064980 0.5 56
1741167068448 0.25 57
1741167070864 0.25 58
1741167073704 1.0 59
1741167076010 0.25 60
1741167079305 0.5 61
1741167082672 0.5 62
1741167086485 0.75 63
1741167089827 0.5 64
1741167093084 0.5 65
1741167095643 0.75 66
1741167098732 0.5 67
1741167103374 0.75 68
1741167108341 0.5 69
1741167110701 1.0 70
1741167113472 0.75 71
1741167116238 0.5 72
1741167118047 0.75 73
1741167121320 1.0 74
1741167124276 0.75 75
1741167127363 0.25 76
1741167130122 1.0 77
1741167132604 0.75 78
1741167135408 1.0 79
1741167137905 0.5 80
1741167141254 0.75 81
1741167143301 0.75 82
1741167145942 0.5 83
1741167148629 0.75 84
1741167152824 1.0 85
1741167155215 0.5 86
1741167159371 1.0 87
1741167162568 0.75 88
1741167165336 1.0 89
1741167167998 0.75 90
1741167170956 0.75 91
1741167173891 0.5 92
1741167177338 0.75 93
1741167179846 1.0 94
1741167181579 1.0 95
1741167184714 0.75 96
1741167187219 0.75 97
1741167190585 0.75 98
1741167193333 0.75 99
1741167197502 1.0 100
