1741166859353 -0.2554599940776825 1
1741166863150 -0.28514495491981506 2
1741166866337 -0.19016972184181213 3
1741166869510 -0.2307940423488617 4
1741166872256 -0.22617700695991516 5
1741166876601 -0.24868705868721008 6
1741166878665 -0.25031784176826477 7
1741166881640 -0.23934157192707062 8
1741166883986 -0.17260205745697021 9
1741166886886 -0.2072438895702362 10
1741166889315 -0.176344633102417 11
1741166893792 -0.22122713923454285 12
1741166896232 -0.17293067276477814 13
1741166898666 -0.180182546377182 14
1741166901678 -0.18923132121562958 15
1741166904329 -0.14559131860733032 16
1741166907243 -0.17242254316806793 17
1741166909659 -0.18514324724674225 18
1741166913024 -0.18803392350673676 19
1741166915618 -0.1460207998752594 20
1741166918297 -0.14036118984222412 21
1741166921723 -0.12319786101579666 22
1741166923697 -0.15933628380298615 23
1741166926328 -0.18537075817584991 24
1741166929180 -0.12496651709079742 25
1741166931909 -0.14771141111850739 26
1741166934346 -0.12563759088516235 27
1741166937609 -0.12888279557228088 28
1741166940259 -0.12699103355407715 29
1741166943607 -0.11248018592596054 30
1741166945981 -0.11613227427005768 31
1741166948147 -0.1089397519826889 32
1741166950536 -0.11946052312850952 33
1741166953514 -0.11623921245336533 34
1741166956578 -0.09969165921211243 35
1741166958648 -0.09472731500864029 36
1741166961847 -0.10519574582576752 37
1741166964232 -0.08536046743392944 38
1741166967400 -0.09717927128076553 39
1741166969715 -0.11560919880867004 40
1741166972618 -0.08668652176856995 41
1741166975773 -0.10067345201969147 42
1741166978668 -0.07335316389799118 43
1741166982486 -0.07440021634101868 44
1741166984480 -0.10328327119350433 45
1741166987451 -0.08311039209365845 46
1741166989990 -0.057570263743400574 47
1741166993556 -0.06287892162799835 48
1741166996478 -0.09350313991308212 49
1741166999710 -0.0828620120882988 50
1741167051102 -0.08230593055486679 51
1741167055418 -0.0869257003068924 52
1741167057277 -0.06227649375796318 53
1741167059480 -0.035112861543893814 54
1741167062330 -0.07342658936977386 55
1741167064980 -0.07933786511421204 56
1741167068448 -0.06260272115468979 57
1741167070864 -0.07384520769119263 58
1741167073704 -0.015618887729942799 59
1741167076010 -0.09082251042127609 60
1741167079305 -0.06433872133493423 61
1741167082672 -0.05036184564232826 62
1741167086485 -0.033124685287475586 63
1741167089827 -0.06333256512880325 64
1741167093084 -0.06409009546041489 65
1741167095643 -0.05397297441959381 66
1741167098732 -0.0708017498254776 67
1741167103374 -0.04062998667359352 68
1741167108341 -0.0609968900680542 69
1741167110701 -0.02183084934949875 70
1741167113472 -0.05440215393900871 71
1741167116238 -0.05913987010717392 72
1741167118047 -0.05036666616797447 73
1741167121320 -0.025352202355861664 74
1741167124276 -0.026278801262378693 75
1741167127363 -0.06433449685573578 76
1741167130122 -0.035120103508234024 77
1741167132604 -0.04130785912275314 78
1741167135408 -0.026976924389600754 79
1741167137905 -0.04813799262046814 80
1741167141254 -0.04180566966533661 81
1741167143301 -0.03960967808961868 82
1741167145942 -0.056659355759620667 83
1741167148629 -0.030879603698849678 84
1741167152824 -0.02131550759077072 85
1741167155215 -0.05657818540930748 86
1741167159371 -0.04315714165568352 87
1741167162568 -0.02958941087126732 88
1741167165336 -0.028625763952732086 89
1741167167998 -0.02670332044363022 90
1741167170956 -0.019969811663031578 91
1741167173891 -0.045255146920681 92
1741167177338 -0.04475027695298195 93
1741167179846 -0.03917638584971428 94
1741167181579 -0.03314290568232536 95
1741167184714 -0.04052724316716194 96
1741167187219 -0.04450536519289017 97
1741167190585 -0.039079856127500534 98
1741167193333 -0.02321567013859749 99
1741167197502 -0.03375793993473053 100
