1741166859353 -0.1891675442457199 1
1741166863150 -0.13031364977359772 2
1741166866337 -0.11248117685317993 3
1741166869510 -0.11570050567388535 4
1741166872256 -0.1673758178949356 5
1741166876601 -0.10723511874675751 6
1741166878665 -0.15936335921287537 7
1741166881640 -0.1288389265537262 8
1741166883986 -0.11638196557760239 9
1741166886886 -0.14705133438110352 10
1741166889315 -0.09513833373785019 11
1741166893792 -0.1295146644115448 12
1741166896232 -0.11593443155288696 13
1741166898666 -0.05919286608695984 14
1741166901678 -0.09719524532556534 15
1741166904329 -0.06908268481492996 16
1741166907243 -0.07176439464092255 17
1741166909659 -0.09540024399757385 18
1741166913024 -0.10348473489284515 19
1741166915618 -0.08013640344142914 20
1741166918297 -0.08624234795570374 21
1741166921723 -0.03269030898809433 22
1741166923697 -0.037334125488996506 23
1741166926328 -0.0987337976694107 24
1741166929180 -0.08305563777685165 25
1741166931909 -0.03209182620048523 26
1741166934346 -0.04748686030507088 27
1741166937609 -0.05647358298301697 28
1741166940259 -0.0619770810008049 29
1741166943607 -0.023354679346084595 30
1741166945981 -0.024495109915733337 31
1741166948147 -0.06181671470403671 32
1741166950536 -0.032069116830825806 33
1741166953514 -0.045200198888778687 34
1741166956578 -0.03207872062921524 35
1741166958648 -0.02211129106581211 36
1741166961847 0.012012463063001633 37
1741166964232 -0.005424272269010544 38
1741166967400 -0.04413165897130966 39
1741166969715 -0.07038373500108719 40
1741166972618 0.01793621852993965 41
1741166975773 -0.03784535080194473 42
1741166978668 0.02023972198367119 43
1741166982486 -0.009590502828359604 44
1741166984480 -0.019496172666549683 45
1741166987451 -0.03851471468806267 46
1741166989990 0.03897932916879654 47
1741166993556 0.03778619319200516 48
1741166996478 0.009317005053162575 49
1741166999710 -0.02561764419078827 50
1741167051102 -0.01671120524406433 51
1741167055418 -0.02935147099196911 52
1741167057277 0.04351458325982094 53
1741167059480 0.09963933378458023 54
1741167062330 -0.01392384897917509 55
1741167064980 0.007431318983435631 56
1741167068448 -0.006486221216619015 57
1741167070864 0.008082729764282703 58
1741167073704 0.142865851521492 59
1741167076010 -0.020473875105381012 60
1741167079305 0.044299643486738205 61
1741167082672 0.05011598393321037 62
1741167086485 0.050098076462745667 63
1741167089827 0.048794351518154144 64
1741167093084 -0.0019156010821461678 65
1741167095643 0.08289604634046555 66
1741167098732 -0.011974446475505829 67
1741167103374 0.06435699760913849 68
1741167108341 0.0037399474531412125 69
1741167110701 0.120332732796669 70
1741167113472 0.03765280172228813 71
1741167116238 0.04116509109735489 72
1741167118047 0.08033500611782074 73
1741167121320 0.0667957067489624 74
1741167124276 0.07155630737543106 75
1741167127363 0.04998588562011719 76
1741167130122 0.06780259311199188 77
1741167132604 0.050489943474531174 78
1741167135408 0.06712577491998672 79
1741167137905 0.05782652273774147 80
1741167141254 0.09886056184768677 81
1741167143301 0.0513155460357666 82
1741167145942 0.027883656322956085 83
1741167148629 0.06307431310415268 84
1741167152824 0.1407957673072815 85
1741167155215 0.03945564478635788 86
1741167159371 0.05942416563630104 87
1741167162568 0.11344548314809799 88
1741167165336 0.0795196145772934 89
1741167167998 0.07854175567626953 90
1741167170956 0.1407126784324646 91
1741167173891 0.061506956815719604 92
1741167177338 0.04404217749834061 93
1741167179846 0.03737933188676834 94
1741167181579 0.07124176621437073 95
1741167184714 0.0660225972533226 96
1741167187219 0.057672955095767975 97
1741167190585 0.06830882281064987 98
1741167193333 0.10609820485115051 99
1741167197502 0.08499287813901901 100
