1741166859353 -0.06629243493080139 1
1741166863150 -0.15483130514621735 2
1741166866337 -0.07768853008747101 3
1741166869510 -0.11509354412555695 4
1741166872256 -0.05880119279026985 5
1741166876601 -0.14145193994045258 6
1741166878665 -0.0909544974565506 7
1741166881640 -0.11050265282392502 8
1741166883986 -0.05622009187936783 9
1741166886886 -0.060192570090293884 10
1741166889315 -0.0812062919139862 11
1741166893792 -0.09171247482299805 12
1741166896232 -0.056996241211891174 13
1741166898666 -0.12098967283964157 14
1741166901678 -0.09203607589006424 15
1741166904329 -0.07650863379240036 16
1741166907243 -0.10065814107656479 17
1741166909659 -0.0897430032491684 18
1741166913024 -0.0845491886138916 19
1741166915618 -0.06588440388441086 20
1741166918297 -0.054118841886520386 21
1741166921723 -0.09050755202770233 22
1741166923697 -0.12200215458869934 23
1741166926328 -0.08663696050643921 24
1741166929180 -0.04191088676452637 25
1741166931909 -0.11561958491802216 26
1741166934346 -0.07815072685480118 27
1741166937609 -0.07240921258926392 28
1741166940259 -0.06501395255327225 29
1741166943607 -0.08912550657987595 30
1741166945981 -0.09163716435432434 31
1741166948147 -0.047123029828071594 32
1741166950536 -0.08739141374826431 33
1741166953514 -0.07103900611400604 34
1741166956578 -0.06761294603347778 35
1741166958648 -0.07261601835489273 36
1741166961847 -0.11720820516347885 37
1741166964232 -0.0799361914396286 38
1741166967400 -0.05304761230945587 39
1741166969715 -0.04522546008229256 40
1741166972618 -0.1046227440237999 41
1741166975773 -0.06282809376716614 42
1741166978668 -0.09359288215637207 43
1741166982486 -0.06480971723794937 44
1741166984480 -0.08378709852695465 45
1741166987451 -0.04459567368030548 46
1741166989990 -0.09654959291219711 47
1741166993556 -0.10066510736942291 48
1741166996478 -0.10282014310359955 49
1741166999710 -0.05724437162280083 50
1741167051102 -0.06559472531080246 51
1741167055418 -0.057574234902858734 52
1741167057277 -0.10579107701778412 53
1741167059480 -0.13475219905376434 54
1741167062330 -0.0595027431845665 55
1741167064980 -0.08676918596029282 56
1741167068448 -0.0561164990067482 57
1741167070864 -0.08192793279886246 58
1741167073704 -0.15848474204540253 59
1741167076010 -0.07034864276647568 60
1741167079305 -0.10863837599754333 61
1741167082672 -0.10047782957553864 62
1741167086485 -0.08322276920080185 63
1741167089827 -0.112126924097538 64
1741167093084 -0.06217449903488159 65
1741167095643 -0.13686901330947876 66
1741167098732 -0.058827295899391174 67
1741167103374 -0.10498698055744171 68
1741167108341 -0.06473682820796967 69
1741167110701 -0.14216358959674835 70
1741167113472 -0.09205495566129684 71
1741167116238 -0.10030496120452881 72
1741167118047 -0.1307016760110855 73
1741167121320 -0.09214790910482407 74
1741167124276 -0.09783510863780975 75
1741167127363 -0.11432038992643356 76
1741167130122 -0.10292269289493561 77
1741167132604 -0.09179779887199402 78
1741167135408 -0.09410270303487778 79
1741167137905 -0.10596451163291931 80
1741167141254 -0.14066624641418457 81
1741167143301 -0.09092523157596588 82
1741167145942 -0.08454301208257675 83
1741167148629 -0.0939539223909378 84
1741167152824 -0.1621112823486328 85
1741167155215 -0.09603382647037506 86
1741167159371 -0.10258130729198456 87
1741167162568 -0.143034890294075 88
1741167165336 -0.10814538598060608 89
1741167167998 -0.10524506866931915 90
1741167170956 -0.16068249940872192 91
1741167173891 -0.1067621111869812 92
1741167177338 -0.08879245817661285 93
1741167179846 -0.07655571401119232 94
1741167181579 -0.10438467562198639 95
1741167184714 -0.10654984414577484 96
1741167187219 -0.10217832028865814 97
1741167190585 -0.10738867521286011 98
1741167193333 -0.1293138712644577 99
1741167197502 -0.11875081062316895 100
