1744631509790 0.0006325110689437065 1
1744631510821 0.001265022137887413 2
1744631511853 0.0018975332068311196 3
1744631512884 0.002530044275774826 4
1744631513915 0.0031625553447185324 5
1744631514946 0.003795066413662239 6
1744631515979 0.004427577482605946 7
1744631517009 0.005060088551549652 8
1744631518039 0.0056925996204933585 9
1744631519069 0.006325110689437065 10
1744631520101 0.006957621758380772 11
1744631521132 0.007590132827324478 12
1744631522166 0.008222643896268185 13
1744631523198 0.008855154965211892 14
1744631524230 0.009487666034155597 15
1744631525263 0.010120177103099304 16
1744631526294 0.010752688172043012 17
1744631527324 0.011385199240986717 18
1744631528355 0.012017710309930424 19
1744631529386 0.01265022137887413 20
1744631530418 0.013282732447817837 21
1744631531447 0.013915243516761544 22
1744631532479 0.01454775458570525 23
1744631533509 0.015180265654648957 24
1744631534539 0.015812776723592662 25
1744631535568 0.01644528779253637 26
1744631536593 0.017077798861480076 27
1744631537625 0.017710309930423784 28
1744631538651 0.018342820999367487 29
1744631539675 0.018975332068311195 30
1744631540701 0.0196078431372549 31
1744631541727 0.02024035420619861 32
1744631542752 0.020872865275142316 33
1744631543777 0.021505376344086023 34
