1744631509790 7.083240032196045 1
1744631510821 9.85544490814209 2
1744631511853 9.49177074432373 3
1744631512884 10.717694282531738 4
1744631513915 8.248311042785645 5
1744631514946 7.4746527671813965 6
1744631515979 7.725968837738037 7
1744631517009 5.484920978546143 8
1744631518039 3.6096909046173096 9
1744631519069 3.0869786739349365 10
1744631520101 1.7501169443130493 11
1744631521132 1.2793502807617188 12
1744631522166 2.224601984024048 13
1744631523198 1.7751766443252563 14
1744631524230 1.861556053161621 15
1744631525263 1.8668416738510132 16
1744631526294 1.558998942375183 17
1744631527324 1.6735365390777588 18
1744631528355 1.018836498260498 19
1744631529386 1.0280815362930298 20
1744631530418 1.0739467144012451 21
1744631531447 1.0247074365615845 22
1744631532479 1.1342326402664185 23
1744631533509 1.1125388145446777 24
1744631534539 1.0166963338851929 25
1744631535568 0.8770847320556641 26
1744631536593 0.8748766183853149 27
1744631537625 2.591482162475586 28
1744631538651 0.9105703830718994 29
1744631539675 0.9024870991706848 30
1744631540701 0.8803420066833496 31
1744631541727 0.7739248275756836 32
1744631542752 0.7459163665771484 33
1744631543777 0.8542487621307373 34
