1744631509790 0.0 1
1744631510821 6.28930817610063e-07 2
1744631511853 1.257861635220126e-06 3
1744631512884 1.8867924528301887e-06 4
1744631513915 2.515723270440252e-06 5
1744631514946 3.1446540880503146e-06 6
1744631515979 3.7735849056603773e-06 7
1744631517009 4.40251572327044e-06 8
1744631518039 5.031446540880504e-06 9
1744631519069 5.660377358490566e-06 10
1744631520101 6.289308176100629e-06 11
1744631521132 6.918238993710692e-06 12
1744631522166 7.547169811320755e-06 13
1744631523198 8.176100628930818e-06 14
1744631524230 8.80503144654088e-06 15
1744631525263 9.433962264150944e-06 16
1744631526294 1.0062893081761008e-05 17
1744631527324 1.069182389937107e-05 18
1744631528355 1.1320754716981132e-05 19
1744631529386 1.1949685534591196e-05 20
1744631530418 1.2578616352201259e-05 21
1744631531447 1.320754716981132e-05 22
1744631532479 1.3836477987421385e-05 23
1744631533509 1.4465408805031447e-05 24
1744631534539 1.509433962264151e-05 25
1744631535568 1.572327044025157e-05 26
1744631536593 1.6352201257861635e-05 27
1744631537625 1.69811320754717e-05 28
1744631538651 1.761006289308176e-05 29
1744631539675 1.8238993710691824e-05 30
1744631540701 1.8867924528301888e-05 31
1744631541727 1.9496855345911952e-05 32
1744631542752 2.0125786163522016e-05 33
1744631543777 2.0754716981132076e-05 34
