1744631509790 2.6167 1
1744631510821 2.9108 2
1744631511853 3.0698 3
1744631512884 3.0721 4
1744631513915 2.7713 5
1744631514946 2.7909 6
1744631515979 2.8731 7
1744631517009 2.8789 8
1744631518039 2.3576 9
1744631519069 2.7723 10
1744631520101 2.7877 11
1744631521132 2.4286 12
1744631522166 2.7152 13
1744631523198 2.06 14
1744631524230 2.3047 15
1744631525263 2.1828 16
1744631526294 2.7209 17
1744631527324 2.5858 18
1744631528355 2.5022 19
1744631529386 2.451 20
1744631530418 2.7021 21
1744631531447 2.4236 22
1744631532479 2.3758 23
1744631533509 2.3544 24
1744631534539 2.2445 25
1744631535568 2.4039 26
1744631536593 2.6427 27
1744631537625 2.3985 28
1744631538651 2.3082 29
1744631539675 2.3947 30
1744631540701 2.6403 31
1744631541727 2.1922 32
1744631542752 2.2908 33
1744631543777 2.4498 34
