1744630682882 8.368916511535645 1
1744630683446 17.3166561126709 2
1744630683989 15.901935577392578 3
1744630684526 6.129546165466309 4
1744630685065 3.2686102390289307 5
1744630685599 5.155998229980469 6
1744630686155 2.2095892429351807 7
1744630686695 2.209498643875122 8
1744630687237 3.980684757232666 9
1744630687793 4.735374450683594 10
1744630688336 3.254462480545044 11
1744630688869 4.862325668334961 12
1744630689403 3.0013396739959717 13
1744630689938 3.4435722827911377 14
1744630690474 2.504079818725586 15
