1744630682882 0.0 1
1744630683446 7.692307692307694e-06 2
1744630683989 1.5384615384615387e-05 3
1744630684526 2.307692307692308e-05 4
1744630685065 3.0769230769230774e-05 5
1744630685599 3.846153846153846e-05 6
1744630686155 4.615384615384616e-05 7
1744630686695 5.384615384615385e-05 8
1744630687237 6.153846153846155e-05 9
1744630687793 6.923076923076924e-05 10
1744630688336 7.692307692307693e-05 11
1744630688869 8.461538461538461e-05 12
1744630689403 9.230769230769232e-05 13
1744630689938 0.0001 14
1744630690474 9.999560724782174e-05 15
