1745743481294 0.02 1
1745743481725 0.04 2
1745743482400 0.06 3
1745743482905 0.08 4
1745743483529 0.1 5
1745743484139 0.12 6
1745743484598 0.14 7
1745743485012 0.16 8
1745743485579 0.18 9
1745743486209 0.2 10
1745743506015 0.2 10
1745743525933 0.22 11
1745743526596 0.24 12
1745743527054 0.26 13
1745743527729 0.28 14
1745743528213 0.3 15
1745743528772 0.32 16
1745743529273 0.34 17
1745743529749 0.36 18
1745743530171 0.38 19
1745743530583 0.4 20
1745743565815 0.4 20
1745743599515 0.42 21
1745743600014 0.44 22
1745743600438 0.46 23
1745743600893 0.48 24
1745743601299 0.5 25
1745743601754 0.52 26
1745743602344 0.54 27
1745743602946 0.56 28
1745743603484 0.58 29
1745743604054 0.6 30
1745743621778 0.6 30
1745743641897 0.62 31
1745743642476 0.64 32
1745743643072 0.66 33
1745743643617 0.68 34
1745743644128 0.7 35
1745743644590 0.72 36
1745743645048 0.74 37
1745743645681 0.76 38
1745743646242 0.78 39
1745743646646 0.8 40
1745743673266 0.8 40
1745743700621 0.82 41
1745743701210 0.84 42
1745743701668 0.86 43
1745743702071 0.88 44
1745743702664 0.9 45
1745743703211 0.92 46
1745743703745 0.94 47
1745743704303 0.96 48
1745743705050 0.98 49
1745743705550 1.0 50
1745743734121 1.0 50
1745743763142 1.02 51
1745743763732 1.04 52
1745743764396 1.06 53
1745743765022 1.08 54
1745743765651 1.1 55
1745743766227 1.12 56
1745743766804 1.1400000000000001 57
1745743767354 1.16 58
1745743767769 1.18 59
1745743768233 1.2 60
1745743788156 1.2 60
1745743808867 1.22 61
1745743809540 1.24 62
1745743809966 1.26 63
1745743810470 1.28 64
1745743811229 1.3 65
1745743811717 1.32 66
1745743812186 1.34 67
1745743812753 1.3599999999999999 68
1745743813353 1.38 69
1745743813957 1.4 70
1745743841786 1.4 70
1745743870885 1.42 71
1745743871391 1.44 72
1745743871821 1.46 73
1745743872386 1.48 74
1745743872988 1.5 75
1745743873621 1.52 76
1745743874129 1.54 77
1745743874686 1.56 78
1745743875425 1.58 79
1745743875841 1.6 80
1745743904296 1.6 80
1745743933067 1.62 81
1745743933659 1.6400000000000001 82
1745743934240 1.6600000000000001 83
1745743934701 1.6800000000000002 84
1745743935280 1.7 85
1745743935848 1.72 86
1745743936405 1.74 87
1745743936906 1.76 88
1745743937339 1.78 89
1745743937837 1.8 90
1745743968877 1.8 90
1745744000862 1.8199999999999998 91
1745744001335 1.8399999999999999 92
1745744001803 1.8599999999999999 93
1745744002436 1.88 94
1745744002966 1.9 95
1745744003510 1.92 96
1745744004036 1.94 97
1745744004492 1.96 98
1745744005049 1.98 99
1745744005581 2.0 100
1745744031676 2.0 100
1745744115866 2.0 100
