1745743481294 14.776081085205078 1
1745743481725 30.413782119750977 2
1745743482400 4.352248668670654 3
1745743482905 4.997341632843018 4
1745743483529 5.87812614440918 5
1745743484139 2.6437251567840576 6
1745743484598 2.9882891178131104 7
1745743485012 5.011358737945557 8
1745743485579 2.2042627334594727 9
1745743486209 4.59576416015625 10
1745743525933 1.9915010929107666 11
1745743526596 3.5044193267822266 12
1745743527054 2.6707255840301514 13
1745743527729 1.9831935167312622 14
1745743528213 2.1015520095825195 15
1745743528772 1.4826041460037231 16
1745743529273 2.1481263637542725 17
1745743529749 1.9965221881866455 18
1745743530171 2.4137649536132812 19
1745743530583 2.8843822479248047 20
1745743599515 2.232180595397949 21
1745743600014 1.8548624515533447 22
1745743600438 3.285393238067627 23
1745743600893 3.2504053115844727 24
1745743601299 3.153394937515259 25
1745743601754 1.929580807685852 26
1745743602344 2.1956021785736084 27
1745743602946 1.4809397459030151 28
1745743603484 2.0906996726989746 29
1745743604054 2.324742555618286 30
1745743641897 1.8627164363861084 31
1745743642476 2.9946084022521973 32
1745743643072 1.4919631481170654 33
1745743643617 2.258152484893799 34
1745743644128 1.9224190711975098 35
1745743644590 1.7154840230941772 36
1745743645048 2.0416011810302734 37
1745743645681 1.9086791276931763 38
1745743646242 1.6810318231582642 39
1745743646646 5.561837673187256 40
1745743700621 1.6503534317016602 41
1745743701210 2.0115201473236084 42
1745743701668 1.6983360052108765 43
1745743702071 2.0105140209198 44
1745743702664 1.6647032499313354 45
1745743703211 3.163142204284668 46
1745743703745 2.6430647373199463 47
1745743704303 1.693023443222046 48
1745743705050 4.018486022949219 49
1745743705550 1.8518050909042358 50
1745743763142 1.4529776573181152 51
1745743763732 1.160380482673645 52
1745743764396 1.323173999786377 53
1745743765022 0.962505578994751 54
1745743765651 2.1984269618988037 55
1745743766227 2.403930425643921 56
1745743766804 3.7400712966918945 57
1745743767354 2.035916805267334 58
1745743767769 1.5058993101119995 59
1745743768233 1.2772107124328613 60
1745743808867 3.5977931022644043 61
1745743809540 1.6513608694076538 62
1745743809966 3.8191282749176025 63
1745743810470 2.3426907062530518 64
1745743811229 1.3121881484985352 65
1745743811717 2.0615153312683105 66
1745743812186 1.7198880910873413 67
1745743812753 2.0931379795074463 68
1745743813353 2.120908737182617 69
1745743813957 2.351781129837036 70
1745743870885 5.525286674499512 71
1745743871391 1.640791654586792 72
1745743871821 1.5567529201507568 73
1745743872386 1.353273630142212 74
1745743872988 1.5210078954696655 75
1745743873621 3.095510244369507 76
1745743874129 1.4932973384857178 77
1745743874686 1.6199740171432495 78
1745743875425 2.0178098678588867 79
1745743875841 3.0864052772521973 80
1745743933067 1.4846808910369873 81
1745743933659 1.4105530977249146 82
1745743934240 2.5772576332092285 83
1745743934701 1.6623317003250122 84
1745743935280 1.6186922788619995 85
1745743935848 1.32761812210083 86
1745743936405 1.3812311887741089 87
1745743936906 1.6976760625839233 88
1745743937339 1.6819167137145996 89
1745743937837 1.8134641647338867 90
1745744000862 2.103548288345337 91
1745744001335 2.8199992179870605 92
1745744001803 2.5836446285247803 93
1745744002436 3.861342668533325 94
1745744002966 1.5125435590744019 95
1745744003510 2.2579030990600586 96
1745744004036 3.2095117568969727 97
1745744004492 1.1053248643875122 98
1745744005049 3.0166211128234863 99
1745744005581 1.6893945932388306 100
