1745743481294 0.0 1
1745743481725 2e-05 2
1745743482400 4e-05 3
1745743482905 6e-05 4
1745743483529 8e-05 5
1745743484139 0.0001 6
1745743484598 9.997266286704631e-05 7
1745743485012 9.989068136093873e-05 8
1745743485579 9.975414512725057e-05 9
1745743486209 9.956320346634876e-05 10
1745743525933 9.931806517013612e-05 11
1745743526596 9.901899829374047e-05 12
1745743527054 9.86663298624003e-05 13
1745743527729 9.826044551386744e-05 14
1745743528213 9.780178907671789e-05 15
1745743528772 9.729086208503174e-05 16
1745743529273 9.672822322997305e-05 17
1745743529749 9.611448774886924e-05 18
1745743530171 9.545032675245813e-05 19
1745743530583 9.473646649103818e-05 20
1745743599515 9.397368756032445e-05 21
1745743600014 9.316282404787871e-05 22
1745743600438 9.230476262104677e-05 23
1745743600893 9.140044155740101e-05 24
1745743601299 9.045084971874738e-05 25
1745743601754 8.945702546981969e-05 26
1745743602344 8.842005554284296e-05 27
1745743602946 8.73410738492077e-05 28
1745743603484 8.622126023955446e-05 29
1745743604054 8.506183921362443e-05 30
1745743641897 8.386407858128706e-05 31
1745743642476 8.262928807620843e-05 32
1745743643072 8.135881792367686e-05 33
1745743643617 8.005405736415126e-05 34
1745743644128 7.871643313414718e-05 35
1745743644590 7.734740790612136e-05 36
1745743645048 7.594847868906076e-05 37
1745743645681 7.452117519152542e-05 38
1745743646242 7.30670581489344e-05 39
1745743646646 7.158771761692464e-05 40
1745743700621 7.008477123264848e-05 41
1745743701210 6.855986244591104e-05 42
1745743701668 6.701465872208216e-05 43
1745743702071 6.545084971874738e-05 44
1745743702664 6.387014543809223e-05 45
1745743703211 6.227427435703997e-05 46
1745743703745 6.066498153718735e-05 47
1745743704303 5.90440267166055e-05 48
1745743705050 5.74131823855921e-05 49
1745743705550 5.577423184847932e-05 50
1745743763142 5.4128967273616625e-05 51
1745743763732 5.247918773366112e-05 52
1745743764396 5.0826697238317935e-05 53
1745743765022 4.917330276168208e-05 54
1745743765651 4.7520812266338885e-05 55
1745743766227 4.5871032726383386e-05 56
1745743766804 4.4225768151520694e-05 57
1745743767354 4.2586817614407895e-05 58
1745743767769 4.095597328339452e-05 59
1745743768233 3.933501846281267e-05 60
1745743808867 3.772572564296005e-05 61
1745743809540 3.612985456190778e-05 62
1745743809966 3.4549150281252636e-05 63
1745743810470 3.298534127791785e-05 64
1745743811229 3.144013755408895e-05 65
1745743811717 2.991522876735154e-05 66
1745743812186 2.8412282383075363e-05 67
1745743812753 2.693294185106562e-05 68
1745743813353 2.547882480847461e-05 69
1745743813957 2.405152131093926e-05 70
1745743870885 2.2652592093878666e-05 71
1745743871391 2.128356686585282e-05 72
1745743871821 1.9945942635848748e-05 73
1745743872386 1.8641182076323148e-05 74
1745743872988 1.7370711923791567e-05 75
1745743873621 1.6135921418712956e-05 76
1745743874129 1.4938160786375572e-05 77
1745743874686 1.3778739760445552e-05 78
1745743875425 1.2658926150792322e-05 79
1745743875841 1.157994445715706e-05 80
1745743933067 1.0542974530180327e-05 81
1745743933659 9.549150281252633e-06 82
1745743934240 8.599558442598998e-06 83
1745743934701 7.695237378953223e-06 84
1745743935280 6.837175952121306e-06 85
1745743935848 6.026312439675552e-06 86
1745743936405 5.263533508961827e-06 87
1745743936906 4.549673247541875e-06 88
1745743937339 3.885512251130763e-06 89
1745743937837 3.271776770026963e-06 90
1745744000862 2.7091379149682685e-06 91
1745744001335 2.1982109232821178e-06 92
1745744001803 1.7395544861325718e-06 93
1745744002436 1.333670137599713e-06 94
1745744002966 9.810017062595322e-07 95
1745744003510 6.819348298638839e-07 96
1745744004036 4.367965336512403e-07 97
1745744004492 2.458548727494292e-07 98
1745744005049 1.0931863906127327e-07 99
1745744005581 2.7337132953697554e-08 100
