1745743481294 1.9662 1
1745743481725 3.1497 2
1745743482400 1.2368 3
1745743482905 1.6761 4
1745743483529 1.1785 5
1745743484139 1.0394 6
1745743484598 0.8966 7
1745743485012 0.8558 8
1745743485579 1.1423 9
1745743486209 1.0073 10
1745743525933 1.0618 11
1745743526596 1.1843 12
1745743527054 1.0838 13
1745743527729 0.8253 14
1745743528213 0.6495 15
1745743528772 1.152 16
1745743529273 0.7013 17
1745743529749 1.325 18
1745743530171 0.7509 19
1745743530583 0.6487 20
1745743599515 1.0721 21
1745743600014 1.056 22
1745743600438 0.8721 23
1745743600893 1.1768 24
1745743601299 1.3725 25
1745743601754 0.8025 26
1745743602344 0.7685 27
1745743602946 1.0645 28
1745743603484 0.9094 29
1745743604054 1.0873 30
1745743641897 1.1036 31
1745743642476 0.5796 32
1745743643072 0.7452 33
1745743643617 0.916 34
1745743644128 1.1278 35
1745743644590 1.001 36
1745743645048 1.1877 37
1745743645681 0.9936 38
1745743646242 1.0208 39
1745743646646 1.0696 40
1745743700621 1.1377 41
1745743701210 1.0024 42
1745743701668 0.7594 43
1745743702071 0.9374 44
1745743702664 0.9502 45
1745743703211 1.0137 46
1745743703745 1.1543 47
1745743704303 0.7948 48
1745743705050 0.9845 49
1745743705550 0.8427 50
1745743763142 0.2755 51
1745743763732 0.3308 52
1745743764396 0.4101 53
1745743765022 0.2911 54
1745743765651 0.5671 55
1745743766227 0.1934 56
1745743766804 0.4798 57
1745743767354 0.1265 58
1745743767769 0.0982 59
1745743768233 0.1812 60
1745743808867 0.5337 61
1745743809540 0.3578 62
1745743809966 0.4867 63
1745743810470 0.447 64
1745743811229 0.3821 65
1745743811717 0.5423 66
1745743812186 0.4622 67
1745743812753 0.3547 68
1745743813353 0.4471 69
1745743813957 0.3883 70
1745743870885 0.5196 71
1745743871391 0.289 72
1745743871821 0.2637 73
1745743872386 0.255 74
1745743872988 0.5206 75
1745743873621 0.5808 76
1745743874129 0.2098 77
1745743874686 0.518 78
1745743875425 0.4083 79
1745743875841 0.3661 80
1745743933067 0.4078 81
1745743933659 0.3056 82
1745743934240 0.2597 83
1745743934701 0.1464 84
1745743935280 0.3944 85
1745743935848 0.3159 86
1745743936405 0.4085 87
1745743936906 0.3751 88
1745743937339 0.3743 89
1745743937837 0.3376 90
1745744000862 0.5034 91
1745744001335 0.5961 92
1745744001803 0.1943 93
1745744002436 0.2084 94
1745744002966 0.3607 95
1745744003510 0.2387 96
1745744004036 0.3655 97
1745744004492 0.1953 98
1745744005049 0.2675 99
1745744005581 0.3306 100
