1745667619722 0.07692307692307693 1
1745667620277 0.15384615384615385 2
1745667620932 0.23076923076923078 3
1745667621481 0.3076923076923077 4
1745667622072 0.38461538461538464 5
1745667622818 0.46153846153846156 6
1745667623481 0.5384615384615384 7
1745667624104 0.6153846153846154 8
1745667624686 0.6923076923076923 9
1745667625172 0.7692307692307693 10
1745667625747 0.8461538461538461 11
1745667626378 0.9230769230769231 12
1745667627316 1.0 13
1745667633300 1.0769230769230769 14
1745667633873 1.1538461538461537 15
1745667634605 1.2307692307692308 16
1745667635164 1.3076923076923077 17
1745667635647 1.3846153846153846 18
1745667636275 1.4615384615384617 19
1745667636854 1.5384615384615383 20
1745667680547 1.5384615384615383 20
1745667681178 1.6153846153846154 21
1745667681644 1.6923076923076923 22
1745667682336 1.7692307692307692 23
1745667682970 1.8461538461538463 24
1745667683544 1.9230769230769231 25
1745667684640 2.0 26
1745667720462 2.0 26
