1745667619722 14.663562774658203 1
1745667620277 16.648679733276367 2
1745667620932 3.0116119384765625 3
1745667621481 2.056704521179199 4
1745667622072 3.163141965866089 5
1745667622818 2.57997465133667 6
1745667623481 3.726133346557617 7
1745667624104 2.3430376052856445 8
1745667624686 1.7485333681106567 9
1745667625172 2.6598761081695557 10
1745667625747 1.3761322498321533 11
1745667626378 1.4219046831130981 12
1745667627316 1.352691888809204 13
1745667633300 1.2862883806228638 14
1745667633873 0.938593864440918 15
1745667634605 1.0608710050582886 16
1745667635164 1.2245146036148071 17
1745667635647 1.5592480897903442 18
1745667636275 1.1116878986358643 19
1745667636854 1.262748122215271 20
1745667681178 1.3670674562454224 21
1745667681644 1.7808858156204224 22
1745667682336 1.9449121952056885 23
1745667682970 3.5683178901672363 24
1745667683544 1.810116171836853 25
1745667684640 1.1609266996383667 26
