1745667619722 0.0 1
1745667620277 5e-05 2
1745667620932 0.0001 3
1745667621481 9.957224306869053e-05 4
1745667622072 9.829629131445342e-05 5
1745667622818 9.619397662556435e-05 6
1745667623481 9.330127018922194e-05 7
1745667624104 8.966766701456177e-05 8
1745667624686 8.535533905932738e-05 9
1745667625172 8.043807145043604e-05 10
1745667625747 7.500000000000001e-05 11
1745667626378 6.91341716182545e-05 12
1745667627316 6.294095225512603e-05 13
1745667633300 5.6526309611002594e-05 14
1745667633873 5e-05 15
1745667634605 4.347369038899744e-05 16
1745667635164 3.705904774487396e-05 17
1745667635647 3.086582838174551e-05 18
1745667636275 2.500000000000001e-05 19
1745667636854 1.9561928549563968e-05 20
1745667681178 1.4644660940672627e-05 21
1745667681644 1.0332332985438248e-05 22
1745667682336 6.698729810778065e-06 23
1745667682970 3.8060233744356633e-06 24
1745667683544 1.70370868554659e-06 25
1745667684640 4.277569313094809e-07 26
