1745667619722 2.213 1
1745667620277 2.2219 2
1745667620932 1.1666 3
1745667621481 1.0434 4
1745667622072 0.9209 5
1745667622818 0.9096 6
1745667623481 1.4885 7
1745667624104 1.1632 8
1745667624686 0.7586 9
1745667625172 0.8545 10
1745667625747 1.0072 11
1745667626378 0.9516 12
1745667627316 0.5684 13
1745667633300 0.5224 14
1745667633873 0.5533 15
1745667634605 0.3174 16
1745667635164 0.4651 17
1745667635647 0.5965 18
1745667636275 0.3906 19
1745667636854 0.4449 20
1745667681178 0.5934 21
1745667681644 0.4479 22
1745667682336 0.4588 23
1745667682970 0.5739 24
1745667683544 0.3391 25
1745667684640 0.1687 26
